Graph edges and cost:
0 1 380.520050
0 2 41.215248
0 3 460.402222
0 4 119.861443
0 5 277.962585
0 6 481.734650
0 7 323.221527
0 8 229.224518
0 9 103.350929
0 10 303.888062
0 11 185.506760
0 12 485.259552
0 13 319.315155
0 14 165.837585
0 15 184.316528
0 16 392.010254
0 17 417.722107
0 18 329.630432
0 19 70.879234
0 20 333.780945
0 21 81.957458
0 22 486.449768
0 23 297.341827
0 24 127.246933
0 25 92.638931
0 26 352.336212
0 27 291.909546
0 28 8.453628
0 29 429.441223
0 30 175.130478
0 31 0.762963
0 32 319.849243
0 33 272.286133
0 34 43.137913
0 35 24.491104
0 36 413.144318
0 37 355.281219
0 38 136.127808
0 39 427.594849
0 40 33.707695
0 41 376.171143
0 42 309.396667
0 43 48.646507
0 44 201.986755
0 45 414.563446
0 46 151.432846
0 47 390.057068
0 48 357.524323
0 49 62.196724
0 50 405.896179
0 51 414.441345
0 52 281.426422
0 53 218.115799
0 54 398.358093
0 55 326.929535
0 56 62.791832
0 57 252.052368
0 58 358.714539
0 59 170.537430
0 60 124.591812
0 61 489.135406
0 62 279.595306
0 63 313.303009
0 64 74.755089
0 65 218.970306
0 66 201.590012
0 67 155.201889
0 68 398.266541
0 69 182.287048
0 70 65.843689
0 71 132.786041
0 72 255.394165
0 73 238.227493
0 74 24.689476
0 75 349.894714
0 76 402.356018
0 77 165.425583
0 78 350.856049
0 79 412.350830
0 80 499.282806
0 81 300.012207
0 82 335.993530
0 83 295.113983
0 84 321.863464
0 85 463.682983
0 86 319.040497
0 87 319.498260
0 88 141.682175
0 89 384.807892
0 90 235.084076
0 91 69.078644
0 92 291.283905
0 93 66.072578
0 94 325.464630
0 95 322.122864
0 96 179.326752
0 97 301.278748
0 98 399.472015
0 99 328.714874
1 2 271.614716
1 3 294.778290
1 4 288.552490
1 5 10.742516
1 6 303.567627
1 7 86.642052
1 8 383.465088
1 9 413.052765
1 10 239.768661
1 11 236.579498
1 12 395.077393
1 13 483.275848
1 14 246.131775
1 15 469.649353
1 16 229.438156
1 17 9.384442
1 18 190.527054
1 19 237.189865
1 20 117.725151
1 21 292.229980
1 22 437.253967
1 23 395.825073
1 24 391.720337
1 25 381.725525
1 26 451.048309
1 27 457.762390
1 28 45.289467
1 29 454.588440
1 30 476.439728
1 31 115.497299
1 32 472.869049
1 33 161.809128
1 34 307.748657
1 35 494.125183
1 36 25.086214
1 37 23.972290
1 38 415.662109
1 39 334.147156
1 40 272.560791
1 41 202.612381
1 42 445.799103
1 43 58.320873
1 44 118.167671
1 45 225.516525
1 46 355.021820
1 47 425.214386
1 48 148.838776
1 49 494.430359
1 50 201.040680
1 51 222.861404
1 52 366.847748
1 53 152.989288
1 54 350.993378
1 55 205.633713
1 56 192.007202
1 57 143.253876
1 58 124.515518
1 59 227.286591
1 60 374.736786
1 61 28.672140
1 62 137.119659
1 63 273.598419
1 64 210.959198
1 65 411.969360
1 66 359.324921
1 67 347.346436
1 68 199.407928
1 69 25.620289
1 70 157.200836
1 71 409.054840
1 72 31.937622
1 73 323.709808
1 74 330.133972
1 75 326.578552
1 76 57.405315
1 77 152.363663
1 78 411.038544
1 79 36.469620
1 80 109.942924
1 81 327.967163
1 82 245.124664
1 83 370.540466
1 84 341.898865
1 85 200.216675
1 86 112.521744
1 87 250.389099
1 88 452.513184
1 89 29.068880
1 90 410.443420
1 91 203.405869
1 92 452.619995
1 93 253.028961
1 94 160.512100
1 95 403.134247
1 96 356.059448
1 97 477.248474
1 98 357.127594
1 99 187.078461
2 3 438.596741
2 4 259.468384
2 5 421.918396
2 6 255.348358
2 7 454.710541
2 8 22.019106
2 9 280.602417
2 10 2.868740
2 11 453.154083
2 12 167.775513
2 13 327.372040
2 14 188.802765
2 15 81.621750
2 16 228.400528
2 17 292.611481
2 18 395.672485
2 19 21.485031
2 20 123.020111
2 21 279.595306
2 22 481.871979
2 23 442.854065
2 24 355.250702
2 25 485.702057
2 26 480.468140
2 27 120.807518
2 28 226.874603
2 29 373.897522
2 30 147.267075
2 31 103.579819
2 32 396.343872
2 33 310.052795
2 34 111.606186
2 35 72.801903
2 36 359.920044
2 37 431.562256
2 38 332.621246
2 39 287.072357
2 40 183.950317
2 41 263.145844
2 42 314.432190
2 43 248.832672
2 44 66.286209
2 45 345.393250
2 46 283.211761
2 47 485.900452
2 48 54.750206
2 49 391.506714
2 50 279.320648
2 51 87.420273
2 52 1.098666
2 53 238.044388
2 54 367.488617
2 55 385.815002
2 56 78.402046
2 57 105.273598
2 58 418.439270
2 59 424.405670
2 60 440.107422
2 61 432.660919
2 62 164.845734
2 63 102.099670
2 64 348.597687
2 65 305.169830
2 66 484.817017
2 67 135.410629
2 68 351.969971
2 69 236.075928
2 70 116.092415
2 71 228.370010
2 72 336.451324
2 73 321.817688
2 74 254.005554
2 75 91.097748
2 76 33.066807
2 77 34.516434
2 78 236.320084
2 79 197.851501
2 80 306.634735
2 81 167.867065
2 82 268.211945
2 83 424.573517
2 84 304.788361
2 85 201.879929
2 86 390.285980
2 87 457.319855
2 88 295.876953
2 89 102.343819
2 90 142.948700
2 91 111.529892
2 92 273.171173
2 93 320.322266
2 94 130.283524
2 95 453.321930
2 96 153.920105
2 97 7.599109
2 98 436.216339
2 99 362.865082
3 4 151.280258
3 5 213.507492
3 6 96.606346
3 7 431.073944
3 8 147.099213
3 9 78.829308
3 10 80.019531
3 11 329.691467
3 12 143.955811
3 13 292.367310
3 14 480.376587
3 15 45.747246
3 16 124.317146
3 17 325.952942
3 18 374.660492
3 19 120.944847
3 20 395.062134
3 21 213.217575
3 22 48.890656
3 23 286.370422
3 24 245.551926
3 25 388.134399
3 26 45.243690
3 27 133.503220
3 28 497.222809
3 29 348.536652
3 30 233.664978
3 31 212.012085
3 32 272.927002
3 33 160.664688
3 34 360.957672
3 35 194.708099
3 36 64.134651
3 37 70.055237
3 38 280.648193
3 39 0.747703
3 40 424.176758
3 41 234.488968
3 42 316.553223
3 43 17.410809
3 44 365.367584
3 45 344.630280
3 46 463.255707
3 47 310.983612
3 48 288.674591
3 49 148.091064
3 50 376.628937
3 51 467.696167
3 52 23.483994
3 53 142.292542
3 54 357.631134
3 55 455.137787
3 56 305.978577
3 57 452.024902
3 58 282.174133
3 59 144.749283
3 60 273.995178
3 61 157.048248
3 62 180.654312
3 63 386.135437
3 64 306.772064
3 65 85.741753
3 66 419.797363
3 67 273.659454
3 68 287.453827
3 69 340.006714
3 70 190.298172
3 71 496.169922
3 72 116.489151
3 73 67.232277
3 74 253.257843
3 75 410.306091
3 76 54.338207
3 77 245.139923
3 78 148.442032
3 79 228.019043
3 80 221.228668
3 81 494.781342
3 82 317.682404
3 83 459.059418
3 84 332.300781
3 85 187.475204
3 86 346.369843
3 87 498.886078
3 88 496.322510
3 89 361.522247
3 90 276.223022
3 91 2.792444
3 92 155.842773
3 93 213.782166
3 94 192.587051
3 95 436.750397
3 96 497.314362
3 97 182.409134
3 98 39.124729
3 99 445.539703
4 5 408.719147
4 6 385.784485
4 7 363.277069
4 8 429.120758
4 9 313.547150
4 10 433.637512
4 11 445.432892
4 12 467.436768
4 13 458.586395
4 14 375.865967
4 15 15.076143
4 16 484.496582
4 17 484.099854
4 18 304.574738
4 19 7.034516
4 20 292.443604
4 21 354.319885
4 22 375.255585
4 23 60.655537
4 24 406.033508
4 25 476.348175
4 26 262.260834
4 27 215.506454
4 28 268.318756
4 29 85.787529
4 30 314.752625
4 31 6.393628
4 32 278.023621
4 33 226.966156
4 34 428.296783
4 35 410.977509
4 36 259.300537
4 37 406.109802
4 38 397.946075
4 39 352.916046
4 40 264.595490
4 41 245.429855
4 42 268.395050
4 43 213.980530
4 44 351.054413
4 45 216.376236
4 46 446.867279
4 47 57.939392
4 48 221.152374
4 49 280.053101
4 50 94.241158
4 51 19.531845
4 52 368.343140
4 53 13.000885
4 54 60.213017
4 55 61.647388
4 56 118.091377
4 57 46.494949
4 58 377.987000
4 59 53.743095
4 60 205.114899
4 61 397.427277
4 62 84.093750
4 63 374.645233
4 64 277.275909
4 65 18.799402
4 66 379.207733
4 67 492.980743
4 68 467.024750
4 69 148.365738
4 70 395.168945
4 71 228.217407
4 72 420.682404
4 73 282.876068
4 74 84.322639
4 75 145.496994
4 76 426.496185
4 77 356.669800
4 78 496.368286
4 79 287.377533
4 80 31.846066
4 81 452.482666
4 82 458.616913
4 83 195.608398
4 84 290.414124
4 85 122.455521
4 86 425.138092
4 87 426.145203
4 88 29.740288
4 89 147.831665
4 90 10.574664
4 91 10.299997
4 92 280.098877
4 93 315.012054
4 94 474.105042
4 95 65.492722
4 96 254.936371
4 97 36.545914
4 98 169.026764
4 99 8.377332
5 6 23.880733
5 7 394.940033
5 8 224.250000
5 9 73.732719
5 10 268.578156
5 11 437.238708
5 12 472.365509
5 13 92.104858
5 14 262.276093
5 15 299.005096
5 16 390.697968
5 17 229.377121
5 18 463.637207
5 19 485.381622
5 20 70.650345
5 21 141.346466
5 22 365.428619
5 23 387.386719
5 24 480.864868
5 25 246.528519
5 26 488.753906
5 27 361.980042
5 28 40.070801
5 29 70.177307
5 30 163.304535
5 31 453.398224
5 32 265.129547
5 33 362.819305
5 34 484.588135
5 35 84.505753
5 36 9.811701
5 37 446.119568
5 38 88.229012
5 39 295.815918
5 40 60.106201
5 41 489.745758
5 42 132.633453
5 43 360.484619
5 44 101.565598
5 45 171.651367
5 46 129.963074
5 47 353.572205
5 48 324.320190
5 49 425.595886
5 50 16.556292
5 51 3.372295
5 52 181.463058
5 53 228.446304
5 54 103.244118
5 55 403.118988
5 56 66.377762
5 57 130.832855
5 58 295.999023
5 59 411.236908
5 60 424.573517
5 61 483.993042
5 62 227.927490
5 63 318.094421
5 64 65.721611
5 65 65.981018
5 66 192.876984
5 67 107.623528
5 68 191.717285
5 69 60.670795
5 70 21.515551
5 71 391.644043
5 72 405.819885
5 73 92.028564
5 74 290.337830
5 75 345.225403
5 76 219.153412
5 77 267.525269
5 78 4.318369
5 79 221.182892
5 80 319.818695
5 81 433.271301
5 82 143.925293
5 83 271.752045
5 84 120.288704
5 85 94.241158
5 86 216.895050
5 87 155.629150
5 88 348.826569
5 89 202.734451
5 90 205.526901
5 91 158.513138
5 92 200.308228
5 93 267.937256
5 94 50.233467
5 95 305.215637
5 96 312.540039
5 97 490.127258
5 98 59.648430
5 99 191.473129
6 7 83.040863
6 8 372.203735
6 9 388.332794
6 10 113.711967
6 11 92.532120
6 12 12.085330
6 13 472.258698
6 14 324.686401
6 15 150.410477
6 16 28.763695
6 17 63.188576
6 18 493.255402
6 19 227.881714
6 20 325.266266
6 21 252.082886
6 22 196.371353
6 23 294.457855
6 24 141.682175
6 25 122.501297
6 26 21.485031
6 27 323.404633
6 28 101.489304
6 29 424.512482
6 30 107.364120
6 31 481.719391
6 32 203.909424
6 33 409.665192
6 34 201.498459
6 35 270.332977
6 36 465.880310
6 37 217.825867
6 38 62.242500
6 39 130.176712
6 40 166.463211
6 41 456.328003
6 42 283.928955
6 43 279.580048
6 44 397.030548
6 45 362.117371
6 46 372.737823
6 47 298.821991
6 48 370.082703
6 49 187.551498
6 50 151.829590
6 51 227.378159
6 52 190.084534
6 53 200.537125
6 54 323.755615
6 55 189.458908
6 56 39.353615
6 57 439.359711
6 58 267.937256
6 59 313.501373
6 60 482.039856
6 61 113.193153
6 62 401.974548
6 63 461.256744
6 64 339.381104
6 65 288.735626
6 66 184.316528
6 67 31.998657
6 68 339.564209
6 69 253.456238
6 70 86.764122
6 71 357.676910
6 72 494.857635
6 73 196.356094
6 74 114.795372
6 75 454.374817
6 76 409.558380
6 77 96.728416
6 78 203.817856
6 79 145.908997
6 80 471.755127
6 81 461.531433
6 82 69.627975
6 83 325.235748
6 84 131.885742
6 85 301.889099
6 86 341.029083
6 87 368.877228
6 88 221.472824
6 89 489.822083
6 90 52.766502
6 91 470.610687
6 92 14.862514
6 93 385.006256
6 94 327.082123
6 95 409.573639
6 96 487.472137
6 97 373.149811
6 98 321.665070
6 99 18.555254
7 8 473.143707
7 9 205.725266
7 10 272.499756
7 11 368.190552
7 12 174.382767
7 13 282.372498
7 14 209.479050
7 15 432.447296
7 16 228.003784
7 17 266.106140
7 18 173.070465
7 19 251.396210
7 20 279.686859
7 21 172.322769
7 22 9.918515
7 23 356.547729
7 24 270.378754
7 25 321.924500
7 26 75.945312
7 27 474.425507
7 28 387.844482
7 29 299.401855
7 30 424.497223
7 31 274.330872
7 32 386.181213
7 33 306.466888
7 34 308.145416
7 35 175.420395
7 36 226.889862
7 37 51.667835
7 38 72.145760
7 39 479.186371
7 40 244.163330
7 41 66.957611
7 42 267.479492
7 43 342.509247
7 44 287.697998
7 45 91.448715
7 46 61.738945
7 47 357.493805
7 48 46.357616
7 49 413.327423
7 50 276.192505
7 51 253.089996
7 52 5.447554
7 53 310.312225
7 54 126.667068
7 55 484.511841
7 56 240.974152
7 57 479.476288
7 58 496.917633
7 59 225.974304
7 60 3.906369
7 61 96.758934
7 62 322.153381
7 63 32.410660
7 64 297.738586
7 65 397.228912
7 66 411.175873
7 67 185.689865
7 68 402.035583
7 69 416.257202
7 70 285.027618
7 71 491.103851
7 72 45.808281
7 73 282.586121
7 74 360.423584
7 75 39.521469
7 76 183.065277
7 77 203.772079
7 78 55.986206
7 79 201.315338
7 80 74.205757
7 81 34.562210
7 82 149.555954
7 83 366.939301
7 84 126.209290
7 85 68.971832
7 86 464.415436
7 87 200.476089
7 88 194.647064
7 89 446.562073
7 90 212.927643
7 91 421.491150
7 92 300.790436
7 93 313.653961
7 94 75.487534
7 95 380.718414
7 96 466.948456
7 97 130.054626
7 98 342.860199
7 99 445.387115
8 9 122.867516
8 10 261.909851
8 11 200.155640
8 12 459.730835
8 13 286.919769
8 14 251.167328
8 15 480.666504
8 16 296.319458
8 17 474.379730
8 18 402.706970
8 19 467.268890
8 20 263.847778
8 21 36.774803
8 22 79.210785
8 23 70.116272
8 24 386.989960
8 25 384.777374
8 26 344.920197
8 27 458.311707
8 28 323.892944
8 29 298.028503
8 30 348.292511
8 31 473.616760
8 32 437.086121
8 33 275.170135
8 34 84.948273
8 35 404.843292
8 36 283.227020
8 37 126.819672
8 38 430.890839
8 39 450.483704
8 40 37.598804
8 41 265.007477
8 42 86.809906
8 43 448.042236
8 44 118.564415
8 45 391.903442
8 46 324.365967
8 47 198.110901
8 48 28.000732
8 49 41.138950
8 50 174.642181
8 51 461.180450
8 52 173.131516
8 53 174.901581
8 54 449.736023
8 55 455.519257
8 56 185.460983
8 57 289.544342
8 58 237.861267
8 59 434.202118
8 60 2.334666
8 61 233.375046
8 62 262.916962
8 63 169.240402
8 64 226.950897
8 65 189.382614
8 66 248.695328
8 67 421.140167
8 68 32.074955
8 69 26.062807
8 70 178.716385
8 71 221.930603
8 72 123.645737
8 73 469.695129
8 74 92.257454
8 75 49.790947
8 76 29.297770
8 77 300.836212
8 78 307.016205
8 79 223.364960
8 80 227.896973
8 81 28.519547
8 82 209.204376
8 83 94.012268
8 84 385.341980
8 85 245.063629
8 86 1.663259
8 87 363.948486
8 88 212.652985
8 89 114.581741
8 90 50.660725
8 91 108.493301
8 92 211.539047
8 93 198.568680
8 94 221.823776
8 95 330.683319
8 96 323.465668
8 97 71.352272
8 98 345.988342
8 99 125.995667
9 10 247.474594
9 11 428.922394
9 12 205.710007
9 13 285.790588
9 14 442.869324
9 15 143.757431
9 16 182.683792
9 17 417.157501
9 18 81.667534
9 19 469.405212
9 20 457.060455
9 21 407.635712
9 22 467.390991
9 23 347.270142
9 24 399.075287
9 25 312.707886
9 26 184.789566
9 27 19.348736
9 28 43.778805
9 29 494.277771
9 30 497.024445
9 31 399.578827
9 32 289.330719
9 33 88.259537
9 34 255.317841
9 35 407.101654
9 36 209.494308
9 37 129.459518
9 38 337.076935
9 39 214.712982
9 40 121.127960
9 41 411.633667
9 42 377.819153
9 43 115.314186
9 44 297.158722
9 45 411.206390
9 46 312.768921
9 47 459.730835
9 48 465.620911
9 49 352.504059
9 50 493.591095
9 51 368.923004
9 52 485.518951
9 53 242.713699
9 54 396.038696
9 55 173.772400
9 56 340.067749
9 57 454.741058
9 58 183.889282
9 59 285.485382
9 60 337.900940
9 61 185.964539
9 62 145.115509
9 63 449.797058
9 64 162.938324
9 65 371.181366
9 66 265.633118
9 67 88.091682
9 68 163.548691
9 69 377.712341
9 70 456.419556
9 71 178.624832
9 72 21.469772
9 73 60.853909
9 74 199.575790
9 75 380.764191
9 76 191.442612
9 77 7.950072
9 78 128.971222
9 79 355.677948
9 80 251.716675
9 81 48.799099
9 82 311.059937
9 83 486.342957
9 84 56.596577
9 85 361.049225
9 86 241.477707
9 87 450.056458
9 88 331.156342
9 89 248.283325
9 90 323.206268
9 91 346.812347
9 92 98.986786
9 93 419.141205
9 94 341.639465
9 95 336.176636
9 96 83.742790
9 97 345.545837
9 98 202.551346
9 99 486.312439
10 11 474.761200
10 12 28.153324
10 13 448.179565
10 14 287.926880
10 15 197.561584
10 16 247.154144
10 17 317.361969
10 18 36.439102
10 19 80.095825
10 20 126.468704
10 21 365.276031
10 22 35.355694
10 23 54.795982
10 24 89.709152
10 25 408.246094
10 26 324.198120
10 27 287.621704
10 28 35.721916
10 29 309.533997
10 30 383.755005
10 31 374.401062
10 32 312.097534
10 33 371.410248
10 34 22.278511
10 35 495.147552
10 36 314.508484
10 37 349.421692
10 38 395.260498
10 39 167.088837
10 40 290.292053
10 41 354.304626
10 42 362.117371
10 43 486.953339
10 44 174.230179
10 45 157.216095
10 46 133.091232
10 47 3.006073
10 48 34.592728
10 49 163.914917
10 50 409.131134
10 51 107.776115
10 52 457.792908
10 53 73.503830
10 54 468.153931
10 55 91.769157
10 56 449.446075
10 57 487.411102
10 58 400.692749
10 59 249.015778
10 60 180.440689
10 61 484.084595
10 62 448.133789
10 63 174.993134
10 64 155.598633
10 65 425.290680
10 66 146.519363
10 67 147.556992
10 68 133.426926
10 69 9.369183
10 70 229.224518
10 71 231.452377
10 72 374.980927
10 73 337.214264
10 74 491.515839
10 75 497.177032
10 76 49.913021
10 77 6.515702
10 78 70.162048
10 79 494.598206
10 80 377.910706
10 81 0.106815
10 82 341.212189
10 83 372.280029
10 84 333.567322
10 85 383.709229
10 86 389.004181
10 87 282.677673
10 88 492.889191
10 89 78.920860
10 90 249.641403
10 91 464.339111
10 92 349.513245
10 93 227.164520
10 94 382.091736
10 95 141.285431
10 96 178.792679
10 97 409.802551
10 98 69.719536
10 99 130.588699
11 12 277.886292
11 13 240.592667
11 14 205.862610
11 15 298.440521
11 16 159.779648
11 17 95.736565
11 18 166.127502
11 19 255.500977
11 20 29.847103
11 21 497.192291
11 22 220.877701
11 23 432.203156
11 24 122.424995
11 25 414.944916
11 26 190.755951
11 27 424.481964
11 28 226.096375
11 29 3.982666
11 30 298.547333
11 31 250.694305
11 32 475.524170
11 33 41.352581
11 34 420.499298
11 35 410.260315
11 36 237.876526
11 37 78.936119
11 38 190.145569
11 39 384.701080
11 40 172.353287
11 41 77.959534
11 42 157.750168
11 43 471.724609
11 44 290.475159
11 45 40.253914
11 46 458.616913
11 47 92.791527
11 48 95.522934
11 49 402.478088
11 50 193.227951
11 51 465.224152
11 52 129.291672
11 53 208.410904
11 54 472.563873
11 55 278.832367
11 56 4.089480
11 57 325.510406
11 58 331.385223
11 59 268.410309
11 60 248.298599
11 61 220.618301
11 62 463.011566
11 63 322.092346
11 64 43.458359
11 65 61.311684
11 66 478.316620
11 67 16.586811
11 68 181.112091
11 69 157.719650
11 70 142.429886
11 71 219.840073
11 72 317.545074
11 73 10.971405
11 74 292.062134
11 75 151.509140
11 76 354.426697
11 77 483.703094
11 78 386.501678
11 79 42.359692
11 80 23.606068
11 81 358.104187
11 82 395.672485
11 83 282.677673
11 84 4.119999
11 85 297.585999
11 86 478.164032
11 87 200.643936
11 88 149.510178
11 89 477.050079
11 90 152.409439
11 91 361.247589
11 92 153.721741
11 93 397.976624
11 94 414.258240
11 95 26.322214
11 96 233.451340
11 97 153.569153
11 98 3.738518
11 99 166.295364
12 13 155.415512
12 14 159.886459
12 15 274.727600
12 16 164.372696
12 17 186.254456
12 18 118.137154
12 19 369.762268
12 20 103.686638
12 21 293.603333
12 22 224.326294
12 23 154.210037
12 24 278.130432
12 25 176.122330
12 26 391.476196
12 27 111.957153
12 28 317.392487
12 29 450.865204
12 30 0.137333
12 31 156.239502
12 32 66.866058
12 33 75.899536
12 34 442.930389
12 35 58.702354
12 36 113.238930
12 37 336.512360
12 38 478.545502
12 39 449.766541
12 40 95.904419
12 41 472.884308
12 42 161.046173
12 43 93.157753
12 44 195.410019
12 45 277.611603
12 46 359.996338
12 47 388.409088
12 48 439.161346
12 49 241.019928
12 50 136.860245
12 51 303.567627
12 52 215.109726
12 53 72.450943
12 54 493.743713
12 55 192.052979
12 56 134.205154
12 57 175.710327
12 58 259.559937
12 59 196.218765
12 60 131.946777
12 61 406.628601
12 62 129.703674
12 63 191.015350
12 64 449.934387
12 65 191.076385
12 66 124.637596
12 67 470.854828
12 68 387.829224
12 69 331.476776
12 70 482.970673
12 71 132.648712
12 72 466.536469
12 73 79.714348
12 74 254.753265
12 75 358.470398
12 76 393.139465
12 77 305.139313
12 78 110.690628
12 79 50.492874
12 80 468.123413
12 81 334.986420
12 82 132.725006
12 83 21.805475
12 84 325.724060
12 85 296.121094
12 86 101.611374
12 87 195.928833
12 88 147.816406
12 89 35.706657
12 90 47.395245
12 91 18.204290
12 92 242.133850
12 93 449.186676
12 94 77.990051
12 95 32.319103
12 96 125.324265
12 97 293.527039
12 98 251.808228
12 99 324.961090
13 14 1.480148
13 15 314.004944
13 16 9.994812
13 17 291.650146
13 18 276.970734
13 19 262.596527
13 20 433.820618
13 21 427.243866
13 22 1.754814
13 23 136.066772
13 24 342.783905
13 25 93.630791
13 26 378.353210
13 27 211.920532
13 28 499.389618
13 29 468.489655
13 30 228.614151
13 31 210.287796
13 32 435.789062
13 33 127.399521
13 34 59.312725
13 35 160.023804
13 36 168.248550
13 37 463.301483
13 38 116.809593
13 39 296.929840
13 40 314.844177
13 41 395.626709
13 42 71.672722
13 43 72.298347
13 44 382.168030
13 45 72.817162
13 46 223.914307
13 47 100.161743
13 48 236.533707
13 49 21.118809
13 50 369.167145
13 51 120.761742
13 52 25.513474
13 53 442.655701
13 54 216.727203
13 55 309.122009
13 56 65.141762
13 57 116.092415
13 58 0.015259
13 59 6.225776
13 60 458.647430
13 61 103.152565
13 62 170.018616
13 63 201.345856
13 64 462.187561
13 65 213.629578
13 66 312.204346
13 67 343.241669
13 68 363.429657
13 69 432.493073
13 70 177.968674
13 71 308.847321
13 72 388.256500
13 73 261.970886
13 74 470.778534
13 75 107.150490
13 76 401.562531
13 77 181.859787
13 78 277.886292
13 79 146.595657
13 80 417.569519
13 81 181.066315
13 82 288.125244
13 83 144.062622
13 84 185.262604
13 85 63.509018
13 86 186.590164
13 87 3.570666
13 88 364.864044
13 89 481.765167
13 90 366.512024
13 91 242.942596
13 92 60.426647
13 93 401.074249
13 94 349.269104
13 95 296.243164
13 96 224.875641
13 97 447.431854
13 98 53.056431
13 99 270.516083
14 15 202.368225
14 16 342.417694
14 17 300.729401
14 18 484.588135
14 19 424.298828
14 20 378.093811
14 21 207.495346
14 22 368.404175
14 23 24.002808
14 24 135.105453
14 25 339.274261
14 26 50.614948
14 27 386.211731
14 28 397.076324
14 29 282.052063
14 30 213.003937
14 31 396.572754
14 32 464.308594
14 33 13.046663
14 34 39.414654
14 35 407.055878
14 36 320.154419
14 37 214.209427
14 38 337.717834
14 39 182.805862
14 40 353.053406
14 41 418.820770
14 42 162.602615
14 43 346.049377
14 44 87.191383
14 45 131.626343
14 46 17.639698
14 47 82.674644
14 48 125.309006
14 49 313.333527
14 50 464.415436
14 51 127.201157
14 52 256.294434
14 53 369.838562
14 54 217.001862
14 55 291.604370
14 56 431.211304
14 57 37.125767
14 58 50.126652
14 59 53.727837
14 60 60.380871
14 61 302.240051
14 62 98.696861
14 63 471.068451
14 64 335.032196
14 65 250.907928
14 66 377.193512
14 67 435.026093
14 68 26.413771
14 69 482.741760
14 70 96.789452
14 71 31.922363
14 72 465.590393
14 73 484.282959
14 74 108.645897
14 75 26.017029
14 76 157.002472
14 77 100.772118
14 78 51.087986
14 79 230.063782
14 80 229.056671
14 81 497.177032
14 82 29.175695
14 83 279.335907
14 84 174.550613
14 85 248.954742
14 86 404.553345
14 87 74.587242
14 88 84.444717
14 89 453.611847
14 90 23.651846
14 91 409.527863
14 92 327.860352
14 93 3.082370
14 94 462.920013
14 95 48.539692
14 96 381.435608
14 97 408.093506
14 98 118.106636
14 99 270.165131
15 16 261.314758
15 17 314.767883
15 18 217.093430
15 19 142.109436
15 20 260.765411
15 21 104.342781
15 22 83.223976
15 23 43.244728
15 24 446.531555
15 25 216.467789
15 26 227.896973
15 27 198.355042
15 28 117.160561
15 29 86.718346
15 30 100.436409
15 31 241.157257
15 32 176.427505
15 33 339.106415
15 34 73.229164
15 35 71.321754
15 36 124.729149
15 37 123.981445
15 38 490.401917
15 39 21.073030
15 40 121.982483
15 41 242.149109
15 42 357.982117
15 43 96.881012
15 44 324.793243
15 45 445.677032
15 46 3.967406
15 47 312.051758
15 48 451.246674
15 49 56.123539
15 50 286.156799
15 51 375.804932
15 52 276.299316
15 53 290.871918
15 54 175.817139
15 55 254.295471
15 56 11.032442
15 57 437.818542
15 58 295.739624
15 59 369.518097
15 60 268.761261
15 61 269.615784
15 62 240.302734
15 63 451.261932
15 64 71.138641
15 65 337.687317
15 66 255.928223
15 67 308.328522
15 68 97.598198
15 69 36.652729
15 70 110.110779
15 71 34.028137
15 72 130.863373
15 73 80.080566
15 74 226.920380
15 75 412.121948
15 76 402.050842
15 77 277.825226
15 78 417.264313
15 79 38.300732
15 80 288.201538
15 81 255.790894
15 82 282.097839
15 83 423.505371
15 84 65.538498
15 85 8.804590
15 86 116.519669
15 87 93.844414
15 88 171.483505
15 89 427.045502
15 90 392.925812
15 91 453.611847
15 92 178.579056
15 93 186.590164
15 94 151.509140
15 95 426.389374
15 96 433.530701
15 97 145.176544
15 98 376.079590
15 99 140.171509
16 17 64.210945
16 18 133.152267
16 19 183.233124
16 20 172.139664
16 21 308.252228
16 22 280.709229
16 23 403.332611
16 24 118.381302
16 25 365.779602
16 26 271.858856
16 27 381.023590
16 28 4.745628
16 29 229.850159
16 30 165.807068
16 31 73.717461
16 32 303.933838
16 33 197.454758
16 34 176.274918
16 35 276.070435
16 36 74.709312
16 37 14.389478
16 38 49.516281
16 39 48.371838
16 40 488.860748
16 41 357.020782
16 42 431.546997
16 43 177.480377
16 44 261.360535
16 45 104.007080
16 46 365.276031
16 47 247.779770
16 48 249.626144
16 49 101.336708
16 50 308.130157
16 51 150.791962
16 52 237.266159
16 53 373.500763
16 54 310.922577
16 55 111.468857
16 56 167.943359
16 57 484.176147
16 58 248.207031
16 59 58.946503
16 60 345.271179
16 61 499.450653
16 62 241.386139
16 63 420.423004
16 64 363.887451
16 65 256.645416
16 66 164.464249
16 67 165.807068
16 68 287.850586
16 69 391.964478
16 70 373.729675
16 71 181.661423
16 72 341.593689
16 73 330.072937
16 74 51.454208
16 75 302.209534
16 76 129.169601
16 77 188.695938
16 78 304.681549
16 79 75.716423
16 80 147.541733
16 81 301.385559
16 82 409.375275
16 83 94.454788
16 84 109.424118
16 85 311.578735
16 86 340.769684
16 87 466.216003
16 88 341.227448
16 89 41.016876
16 90 480.452881
16 91 255.378906
16 92 271.904633
16 93 85.879089
16 94 140.858170
16 95 472.197662
16 96 278.267761
16 97 343.317993
16 98 297.738586
16 99 437.726990
17 18 402.325500
17 19 421.964172
17 20 171.269882
17 21 102.969452
17 22 206.274597
17 23 139.347504
17 24 46.433910
17 25 150.318924
17 26 280.907623
17 27 59.266949
17 28 473.326843
17 29 455.259857
17 30 172.917877
17 31 272.392944
17 32 237.769714
17 33 236.533707
17 34 246.757401
17 35 373.104034
17 36 243.415634
17 37 473.021637
17 38 246.711624
17 39 335.795166
17 40 195.242172
17 41 415.234833
17 42 74.800865
17 43 243.690292
17 44 225.669113
17 45 269.722595
17 46 50.141911
17 47 73.320717
17 48 353.541687
17 49 384.411163
17 50 165.318771
17 51 487.838379
17 52 416.867584
17 53 13.077182
17 54 105.487228
17 55 342.112488
17 56 369.762268
17 57 487.090668
17 58 45.808281
17 59 353.083923
17 60 84.185310
17 61 372.341064
17 62 492.873932
17 63 138.019958
17 64 47.364727
17 65 439.909027
17 66 185.506760
17 67 74.312569
17 68 95.171974
17 69 28.031250
17 70 321.069977
17 71 183.523056
17 72 72.420425
17 73 124.103516
17 74 122.287666
17 75 492.996002
17 76 60.380871
17 77 244.270142
17 78 10.696738
17 79 78.127380
17 80 62.456131
17 81 439.100311
17 82 402.172913
17 83 238.624237
17 84 288.384644
17 85 3.433332
17 86 389.934998
17 87 11.230811
17 88 427.777954
17 89 218.375198
17 90 331.217377
17 91 473.067413
17 92 53.422653
17 93 203.573715
17 94 102.603226
17 95 37.537769
17 96 45.289467
17 97 208.120972
17 98 40.040283
17 99 197.088547
18 19 175.466171
18 20 418.012024
18 21 329.065826
18 22 414.929657
18 23 244.911041
18 24 108.203377
18 25 360.744019
18 26 119.556267
18 27 412.717072
18 28 217.734314
18 29 319.238861
18 30 4.837184
18 31 108.218636
18 32 175.649292
18 33 16.281626
18 34 88.991974
18 35 166.814178
18 36 56.108280
18 37 238.441116
18 38 235.236679
18 39 79.989014
18 40 390.713226
18 41 122.608109
18 42 87.801758
18 43 0.305185
18 44 216.147354
18 45 325.525665
18 46 125.873596
18 47 391.857666
18 48 185.369431
18 49 2.899258
18 50 288.903473
18 51 466.811127
18 52 320.291748
18 53 363.597504
18 54 376.308472
18 55 298.760956
18 56 234.321121
18 57 314.706848
18 58 174.779510
18 59 253.486755
18 60 402.645935
18 61 463.179413
18 62 16.174810
18 63 127.674179
18 64 308.526886
18 65 489.287994
18 66 219.244965
18 67 136.234619
18 68 43.748283
18 69 157.979065
18 70 118.213448
18 71 139.011810
18 72 191.213730
18 73 483.581024
18 74 131.519516
18 75 247.215179
18 76 67.918938
18 77 313.104645
18 78 73.534348
18 79 200.445572
18 80 156.407349
18 81 344.691315
18 82 162.831497
18 83 154.881439
18 84 302.880951
18 85 345.667908
18 86 429.593811
18 87 273.155914
18 88 9.903256
18 89 86.840424
18 90 475.692017
18 91 256.645416
18 92 402.142395
18 93 258.049255
18 94 290.475159
18 95 210.776093
18 96 192.831207
18 97 380.809967
18 98 75.304420
18 99 483.916748
19 20 229.697556
19 21 483.642059
19 22 279.946289
19 23 370.616791
19 24 447.660736
19 25 55.818352
19 26 304.025391
19 27 319.650848
19 28 307.336670
19 29 44.953762
19 30 66.698204
19 31 37.568287
19 32 46.678059
19 33 414.166687
19 34 397.671417
19 35 128.482925
19 36 324.396484
19 37 24.430067
19 38 452.345337
19 39 160.420547
19 40 83.040863
19 41 357.951599
19 42 104.892120
19 43 299.279755
19 44 209.997864
19 45 347.575317
19 46 21.698662
19 47 400.616455
19 48 324.320190
19 49 328.699615
19 50 368.739899
19 51 200.186157
19 52 267.845703
19 53 378.612640
19 54 355.784760
19 55 493.667419
19 56 128.421890
19 57 59.236427
19 58 70.757164
19 59 446.272156
19 60 373.500763
19 61 328.836945
19 62 307.153564
19 63 422.925507
19 64 422.208313
19 65 138.203064
19 66 337.733093
19 67 479.537323
19 68 234.076965
19 69 477.187439
19 70 337.778870
19 71 405.987732
19 72 242.423767
19 73 386.913666
19 74 410.702850
19 75 461.577209
19 76 210.623489
19 77 203.512680
19 78 419.461670
19 79 193.411057
19 80 339.320038
19 81 48.875393
19 82 76.677757
19 83 478.530243
19 84 202.780228
19 85 334.238708
19 86 496.749786
19 87 180.135498
19 88 342.509247
19 89 291.772217
19 90 162.831497
19 91 58.809170
19 92 96.087532
19 93 300.576813
19 94 12.268441
19 95 329.264191
19 96 489.669464
19 97 21.805475
19 98 93.020416
19 99 3.067110
20 21 271.797821
20 22 109.286789
20 23 494.674530
20 24 408.398682
20 25 417.386383
20 26 10.788294
20 27 6.958220
20 28 26.841030
20 29 179.036835
20 30 125.812561
20 31 208.960236
20 32 38.499100
20 33 14.786219
20 34 335.459473
20 35 441.969055
20 36 215.552231
20 37 469.679871
20 38 169.957581
20 39 369.457062
20 40 55.162205
20 41 339.564209
20 42 129.535812
20 43 76.937164
20 44 292.184204
20 45 195.486313
20 46 424.207275
20 47 415.128021
20 48 182.470169
20 49 96.316422
20 50 148.136841
20 51 39.139988
20 52 197.271652
20 53 68.056274
20 54 154.286331
20 55 347.483765
20 56 19.348736
20 57 177.831345
20 58 144.734024
20 59 273.232208
20 60 481.566803
20 61 280.892365
20 62 242.515335
20 63 131.046478
20 64 338.358704
20 65 268.379791
20 66 60.579239
20 67 473.006378
20 68 10.986664
20 69 394.314423
20 70 33.371990
20 71 156.147949
20 72 196.996979
20 73 9.811701
20 74 26.734215
20 75 75.395981
20 76 484.405029
20 77 282.631897
20 78 491.805786
20 79 264.336090
20 80 361.613800
20 81 230.124817
20 82 178.411194
20 83 317.331451
20 84 263.435791
20 85 143.955811
20 86 173.818176
20 87 336.283447
20 88 43.656731
20 89 234.382156
20 90 282.036804
20 91 354.640320
20 92 15.289773
20 93 72.466202
20 94 9.811701
20 95 442.213196
20 96 448.561035
20 97 158.284241
20 98 174.596405
20 99 443.830658
21 22 167.714462
21 23 193.151657
21 24 400.204468
21 25 54.719688
21 26 137.012848
21 27 384.197510
21 28 15.732292
21 29 186.178162
21 30 176.580109
21 31 359.111298
21 32 123.615219
21 33 324.198120
21 34 198.828079
21 35 19.592882
21 36 352.031006
21 37 334.467590
21 38 105.945007
21 39 411.252167
21 40 57.634205
21 41 416.760773
21 42 239.249863
21 43 438.200012
21 44 494.094666
21 45 161.931213
21 46 20.737328
21 47 0.640889
21 48 211.996826
21 49 414.532898
21 50 177.831345
21 51 383.373535
21 52 205.938904
21 53 394.116058
21 54 191.686768
21 55 473.250549
21 56 74.251534
21 57 278.664490
21 58 359.706390
21 59 134.159378
21 60 206.991791
21 61 202.856522
21 62 112.994781
21 63 317.133087
21 64 268.013550
21 65 374.645233
21 66 479.384735
21 67 233.909119
21 68 486.495544
21 69 262.993256
21 70 332.392334
21 71 172.307510
21 72 23.651846
21 73 60.197758
21 74 317.194122
21 75 281.121246
21 76 430.463593
21 77 371.532318
21 78 93.722343
21 79 402.981659
21 80 461.500916
21 81 335.718872
21 82 288.033691
21 83 283.089691
21 84 261.177399
21 85 129.169601
21 86 292.016357
21 87 232.261124
21 88 187.490463
21 89 57.100132
21 90 302.682587
21 91 71.886345
21 92 289.132355
21 93 184.621719
21 94 241.035187
21 95 439.542816
21 96 201.498459
21 97 211.172821
21 98 441.694366
21 99 282.845551
22 23 477.431580
22 24 41.062653
22 25 253.425720
22 26 120.105591
22 27 117.893005
22 28 253.563049
22 29 441.663849
22 30 395.596191
22 31 318.781067
22 32 425.428040
22 33 33.204140
22 34 7.568590
22 35 198.858597
22 36 9.125034
22 37 494.094666
22 38 337.580505
22 39 24.994659
22 40 219.931625
22 41 380.947296
22 42 358.516174
22 43 200.018311
22 44 134.785004
22 45 356.700317
22 46 150.120544
22 47 28.839993
22 48 456.312744
22 49 211.218613
22 50 399.792450
22 51 28.656881
22 52 144.947662
22 53 277.275909
22 54 216.818756
22 55 298.577850
22 56 372.402100
22 57 382.824188
22 58 338.297668
22 59 214.499344
22 60 499.420135
22 61 229.956970
22 62 54.658653
22 63 464.873199
22 64 31.266212
22 65 341.257965
22 66 433.256042
22 67 192.770172
22 68 253.730896
22 69 464.125488
22 70 167.546616
22 71 260.216064
22 72 2.914518
22 73 73.793755
22 74 130.924408
22 75 400.021362
22 76 272.103027
22 77 365.642242
22 78 462.233337
22 79 271.004364
22 80 108.371231
22 81 377.178253
22 82 261.970886
22 83 182.271790
22 84 2.761925
22 85 130.802338
22 86 226.874603
22 87 1.846370
22 88 226.340530
22 89 437.528625
22 90 301.080353
22 91 15.732292
22 92 315.942871
22 93 252.540680
22 94 172.063354
22 95 252.601715
22 96 162.327942
22 97 223.059784
22 98 189.367355
22 99 40.009766
23 24 404.126099
23 25 319.330414
23 26 34.363842
23 27 307.794434
23 28 80.324715
23 29 189.092682
23 30 219.061859
23 31 403.836182
23 32 245.033112
23 33 126.499222
23 34 242.240662
23 35 438.581482
23 36 496.917633
23 37 295.678589
23 38 480.803833
23 39 423.169647
23 40 127.033295
23 41 100.024414
23 42 144.672989
23 43 217.230759
23 44 337.900940
23 45 337.580505
23 46 373.363434
23 47 51.988281
23 48 236.945709
23 49 32.944733
23 50 302.102722
23 51 144.032104
23 52 57.496872
23 53 86.962494
23 54 175.984985
23 55 165.547653
23 56 310.510590
23 57 134.052567
23 58 339.991455
23 59 86.764122
23 60 319.940796
23 61 248.435928
23 62 183.111053
23 63 155.919067
23 64 345.225403
23 65 389.385681
23 66 364.787750
23 67 32.654808
23 68 243.598740
23 69 226.584671
23 70 401.608307
23 71 340.327148
23 72 375.774414
23 73 235.877563
23 74 442.518372
23 75 152.851959
23 76 207.678452
23 77 206.122009
23 78 310.617401
23 79 181.798752
23 80 311.883911
23 81 47.868282
23 82 139.713730
23 83 179.311493
23 84 221.304962
23 85 44.404430
23 86 183.736679
23 87 322.397522
23 88 338.755463
23 89 435.789062
23 90 127.018036
23 91 94.332710
23 92 355.189667
23 93 476.546539
23 94 473.860901
23 95 428.876617
23 96 379.924927
23 97 357.554840
23 98 345.118561
23 99 132.465591
24 25 235.786011
24 26 132.938629
24 27 260.368683
24 28 350.901825
24 29 122.638626
24 30 42.374950
24 31 233.298752
24 32 94.973602
24 33 101.901299
24 34 369.487579
24 35 258.964813
24 36 91.799675
24 37 105.792412
24 38 227.118744
24 39 20.477921
24 40 476.760162
24 41 423.871582
24 42 409.970398
24 43 393.902405
24 44 91.738640
24 45 370.311584
24 46 205.084381
24 47 78.691971
24 48 405.850403
24 49 85.116127
24 50 301.263458
24 51 432.737213
24 52 323.374115
24 53 171.987061
24 54 187.368393
24 55 339.121674
24 56 395.382568
24 57 126.422928
24 58 180.883194
24 59 183.645126
24 60 200.094604
24 61 256.920074
24 62 476.683868
24 63 270.592377
24 64 407.971436
24 65 52.446060
24 66 357.066559
24 67 255.149994
24 68 296.777252
24 69 199.392670
24 70 453.642395
24 71 420.606110
24 72 232.734161
24 73 200.964386
24 74 201.330597
24 75 378.368469
24 76 382.900482
24 77 302.285858
24 78 375.698120
24 79 18.875698
24 80 174.718475
24 81 174.398026
24 82 353.587463
24 83 291.817993
24 84 268.272980
24 85 59.923092
24 86 488.357178
24 87 143.299652
24 88 56.825466
24 89 334.086121
24 90 239.661850
24 91 188.665421
24 92 461.317780
24 93 183.523056
24 94 449.049347
24 95 448.530518
24 96 34.348579
24 97 356.791870
24 98 401.425201
24 99 226.523636
25 26 139.606918
25 27 188.985870
25 28 63.463242
25 29 456.892609
25 30 221.808517
25 31 353.984192
25 32 139.347504
25 33 99.642929
25 34 433.271301
25 35 47.395245
25 36 334.421814
25 37 412.030396
25 38 132.511368
25 39 53.315838
25 40 467.635132
25 41 173.757141
25 42 20.523697
25 43 397.900299
25 44 323.084198
25 45 194.799652
25 46 430.448334
25 47 42.954803
25 48 381.664490
25 49 183.278900
25 50 35.996582
25 51 322.977386
25 52 322.885834
25 53 301.904358
25 54 494.750824
25 55 78.035828
25 56 438.215271
25 57 491.119110
25 58 291.314423
25 59 186.498611
25 60 345.820496
25 61 386.806854
25 62 296.639923
25 63 449.949646
25 64 147.953735
25 65 410.931732
25 66 308.435333
25 67 33.982357
25 68 421.262238
25 69 363.246552
25 70 88.930931
25 71 417.844177
25 72 180.608536
25 73 91.891228
25 74 165.227203
25 75 55.589462
25 76 207.342758
25 77 71.382790
25 78 407.940918
25 79 202.902313
25 80 382.396942
25 81 465.926086
25 82 153.782776
25 83 111.438332
25 84 414.746552
25 85 6.149480
25 86 387.905518
25 87 44.938503
25 88 106.219673
25 89 257.530457
25 90 251.060516
25 91 319.498260
25 92 42.954803
25 93 108.386490
25 94 388.012329
25 95 321.481964
25 96 354.243591
25 97 55.970947
25 98 402.050842
25 99 206.030457
26 27 429.303894
26 28 118.274483
26 29 431.806396
26 30 229.453415
26 31 232.886749
26 32 450.132751
26 33 115.573593
26 34 418.454529
26 35 110.003967
26 36 491.424286
26 37 459.150970
26 38 29.358807
26 39 220.496231
26 40 225.699631
26 41 372.432617
26 42 0.686666
26 43 494.262512
26 44 377.300323
26 45 390.713226
26 46 351.847900
26 47 247.383041
26 48 124.988556
26 49 346.095154
26 50 231.177704
26 51 350.367767
26 52 160.359497
26 53 4.806665
26 54 66.866058
26 55 88.381607
26 56 169.164093
26 57 435.926392
26 58 23.102512
26 59 104.724266
26 60 63.463242
26 61 127.048553
26 62 215.384384
26 63 67.949455
26 64 43.031101
26 65 112.887962
26 66 387.432495
26 67 453.062531
26 68 313.913361
26 69 132.068848
26 70 3.402814
26 71 77.745903
26 72 42.313915
26 73 77.776428
26 74 458.174377
26 75 284.203613
26 76 372.020630
26 77 258.156067
26 78 358.729797
26 79 406.750702
26 80 83.376572
26 81 231.818604
26 82 80.355232
26 83 416.592926
26 84 222.052673
26 85 234.122742
26 86 49.989319
26 87 383.724487
26 88 275.536346
26 89 459.990234
26 90 460.463287
26 91 146.916107
26 92 225.775925
26 93 218.741425
26 94 368.388916
26 95 332.407593
26 96 55.787834
26 97 226.660965
26 98 379.161957
26 99 111.606186
27 28 38.514362
27 29 52.781761
27 30 371.761230
27 31 339.045380
27 32 386.104919
27 33 483.825165
27 34 466.856903
27 35 460.509064
27 36 87.588127
27 37 323.404633
27 38 191.213730
27 39 332.468628
27 40 13.183996
27 41 391.766113
27 42 41.459396
27 43 343.302734
27 44 113.376259
27 45 241.065704
27 46 400.387573
27 47 476.699127
27 48 290.734589
27 49 352.290436
27 50 8.911405
27 51 208.334610
27 52 272.835449
27 53 329.096344
27 54 446.928314
27 55 375.972778
27 56 64.180428
27 57 354.441956
27 58 325.907166
27 59 413.922546
27 60 305.475037
27 61 425.534851
27 62 146.717728
27 63 92.349007
27 64 118.030334
27 65 132.663971
27 66 25.421919
27 67 152.150040
27 68 261.940369
27 69 497.680603
27 70 240.546890
27 71 475.859863
27 72 185.537277
27 73 137.546921
27 74 304.574738
27 75 185.308395
27 76 294.930878
27 77 268.944366
27 78 13.168737
27 79 306.894135
27 80 21.042513
27 81 318.994720
27 82 174.947357
27 83 394.543304
27 84 12.848292
27 85 158.391052
27 86 475.020599
27 87 251.503052
27 88 34.669025
27 89 221.945862
27 90 175.542480
27 91 141.361740
27 92 395.687744
27 93 32.639545
27 94 106.265450
27 95 128.849152
27 96 489.699982
27 97 394.573822
27 98 148.182617
27 99 441.358673
28 29 273.583160
28 30 270.363495
28 31 163.563950
28 32 491.302216
28 33 262.184509
28 34 108.966339
28 35 75.365463
28 36 450.559998
28 37 367.915894
28 38 139.149139
28 39 49.119541
28 40 16.998810
28 41 163.350327
28 42 394.436493
28 43 480.651245
28 44 264.275055
28 45 394.695892
28 46 485.106964
28 47 242.332214
28 48 215.002899
28 49 324.304932
28 50 383.022552
28 51 391.567749
28 52 28.412733
28 53 230.628372
28 54 234.611038
28 55 293.969543
28 56 442.793030
28 57 143.284393
28 58 467.894531
28 59 365.016632
28 60 363.338104
28 61 141.712692
28 62 208.975494
28 63 382.778412
28 64 236.365860
28 65 295.464966
28 66 273.934143
28 67 75.151833
28 68 100.085449
28 69 74.129463
28 70 251.258881
28 71 434.644623
28 72 452.864166
28 73 305.185120
28 74 441.007721
28 75 463.744019
28 76 329.371002
28 77 7.797479
28 78 165.776550
28 79 304.208527
28 80 225.562302
28 81 180.745865
28 82 219.595932
28 83 453.108307
28 84 262.749115
28 85 372.478394
28 86 470.015564
28 87 19.028292
28 88 231.559189
28 89 111.651962
28 90 379.100922
28 91 221.457565
28 92 406.537048
28 93 26.108585
28 94 459.150970
28 95 86.275826
28 96 271.736786
28 97 228.400528
28 98 428.434113
28 99 40.864285
29 30 48.112431
29 31 296.029541
29 32 82.888275
29 33 361.720612
29 34 163.411362
29 35 424.710846
29 36 149.266037
29 37 177.571945
29 38 54.795982
29 39 82.323677
29 40 135.105453
29 41 481.521027
29 42 445.432892
29 43 242.316956
29 44 441.801178
29 45 354.899719
29 46 485.061188
29 47 23.957031
29 48 255.592529
29 49 356.303589
29 50 395.672485
29 51 318.262268
29 52 482.848572
29 53 278.679749
29 54 12.451551
29 55 227.195038
29 56 244.605850
29 57 227.805420
29 58 361.171295
29 59 394.589081
29 60 196.600250
29 61 225.089264
29 62 161.946472
29 63 56.688129
29 64 189.870911
29 65 288.018433
29 66 400.738525
29 67 390.667450
29 68 37.888729
29 69 191.106903
29 70 358.653503
29 71 488.982819
29 72 405.941956
29 73 360.835571
29 74 239.936508
29 75 37.934509
29 76 87.786499
29 77 107.333603
29 78 289.239166
29 79 28.473770
29 80 186.178162
29 81 146.198914
29 82 38.743248
29 83 77.181313
29 84 461.836609
29 85 113.437302
29 86 75.777458
29 87 185.995056
29 88 367.259735
29 89 26.703697
29 90 471.617798
29 91 18.280588
29 92 30.747398
29 93 396.008179
29 94 261.986145
29 95 19.806513
29 96 206.076233
29 97 436.796173
29 98 120.014038
29 99 462.492767
30 31 453.718689
30 32 88.946190
30 33 112.125000
30 34 239.097275
30 35 69.170197
30 36 294.335754
30 37 177.571945
30 38 487.182220
30 39 23.926512
30 40 236.411636
30 41 222.281555
30 42 370.021667
30 43 434.766693
30 44 494.842377
30 45 467.574097
30 46 93.142494
30 47 326.944794
30 48 318.155457
30 49 444.273193
30 50 484.191406
30 51 207.113861
30 52 468.001343
30 53 273.094879
30 54 214.362015
30 55 211.249130
30 56 337.412659
30 57 121.814629
30 58 489.715240
30 59 343.562134
30 60 296.945099
30 61 479.613617
30 62 290.185242
30 63 71.611679
30 64 471.312622
30 65 139.576401
30 66 484.694946
30 67 293.908508
30 68 399.822968
30 69 29.938658
30 70 400.219727
30 71 444.685181
30 72 283.761108
30 73 284.325684
30 74 173.238327
30 75 252.418579
30 76 273.888336
30 77 192.022461
30 78 461.500916
30 79 417.157501
30 80 0.854518
30 81 418.820770
30 82 344.050415
30 83 222.281555
30 84 302.270599
30 85 138.798172
30 86 488.296143
30 87 346.644501
30 88 348.765533
30 89 468.123413
30 90 411.328461
30 91 392.468048
30 92 122.989594
30 93 340.937531
30 94 414.410828
30 95 394.695892
30 96 454.039124
30 97 218.482010
30 98 18.311106
30 99 327.326263
31 32 60.686054
31 33 271.797821
31 34 477.843567
31 35 372.600494
31 36 306.634735
31 37 428.601959
31 38 203.390610
31 39 468.413361
31 40 120.700699
31 41 425.122833
31 42 168.156982
31 43 399.609344
31 44 285.225983
31 45 253.456238
31 46 128.513443
31 47 449.018829
31 48 45.747246
31 49 145.008698
31 50 236.213272
31 51 373.546570
31 52 245.109406
31 53 480.712280
31 54 370.235291
31 55 221.106598
31 56 435.071899
31 57 268.578156
31 58 266.411346
31 59 254.081848
31 60 168.599503
31 61 79.409157
31 62 273.232208
31 63 494.735565
31 64 426.007874
31 65 80.965607
31 66 311.487183
31 67 158.421570
31 68 377.895447
31 69 61.464279
31 70 366.359436
31 71 490.050964
31 72 438.230530
31 73 82.979828
31 74 89.739677
31 75 269.508972
31 76 310.510590
31 77 155.354477
31 78 341.105377
31 79 1.709037
31 80 480.330811
31 81 71.138641
31 82 244.865250
31 83 56.733910
31 84 357.158112
31 85 292.504669
31 86 92.623672
31 87 275.872040
31 88 18.921476
31 89 30.228582
31 90 168.126465
31 91 309.091492
31 92 262.092957
31 93 406.094543
31 94 323.282562
31 95 199.591049
31 96 410.443420
31 97 338.450287
31 98 383.236176
31 99 480.971710
32 33 86.046936
32 34 42.435989
32 35 208.639786
32 36 302.835175
32 37 395.046875
32 38 284.905548
32 39 493.484283
32 40 350.260956
32 41 231.635483
32 42 284.783478
32 43 125.980408
32 44 72.862938
32 45 153.447067
32 46 399.761932
32 47 191.610458
32 48 489.120148
32 49 31.189917
32 50 489.577911
32 51 445.341339
32 52 81.301308
32 53 426.007874
32 54 96.743675
32 55 332.071899
32 56 47.166355
32 57 397.228912
32 58 335.367889
32 59 382.961517
32 60 423.459595
32 61 194.296097
32 62 128.345596
32 63 65.721611
32 64 347.193848
32 65 35.218361
32 66 184.148682
32 67 417.401642
32 68 470.351288
32 69 425.367004
32 70 353.251770
32 71 37.156284
32 72 293.313385
32 73 219.138153
32 74 255.134735
32 75 267.967773
32 76 433.118713
32 77 378.261658
32 78 316.492188
32 79 144.444107
32 80 91.708122
32 81 129.184860
32 82 111.087372
32 83 435.804321
32 84 240.073853
32 85 473.265808
32 86 142.048401
32 87 361.384918
32 88 283.867920
32 89 252.357544
32 90 457.197784
32 91 307.336670
32 92 226.020081
32 93 223.487045
32 94 237.891785
32 95 122.302925
32 96 92.181160
32 97 345.179596
32 98 252.327026
32 99 320.352783
33 34 134.296707
33 35 228.995636
33 36 313.531891
33 37 269.295349
33 38 78.295235
33 39 459.166229
33 40 132.953888
33 41 192.434464
33 42 431.211304
33 43 233.466599
33 44 210.180969
33 45 61.983093
33 46 113.650932
33 47 28.687399
33 48 149.388107
33 49 212.088379
33 50 432.966095
33 51 243.385101
33 52 43.229469
33 53 249.839783
33 54 162.831497
33 55 21.454514
33 56 314.661072
33 57 92.165901
33 58 245.109406
33 59 209.570602
33 60 157.429718
33 61 206.869720
33 62 379.161957
33 63 151.264999
33 64 465.865051
33 65 385.906555
33 66 14.572589
33 67 271.401093
33 68 394.405975
33 69 128.925446
33 70 12.939848
33 71 153.477585
33 72 437.894836
33 73 465.468323
33 74 494.033630
33 75 63.447983
33 76 172.704254
33 77 293.481262
33 78 132.221451
33 79 122.882774
33 80 49.882504
33 81 62.913910
33 82 418.866547
33 83 84.612572
33 84 380.489532
33 85 381.862854
33 86 155.888550
33 87 414.120911
33 88 404.004028
33 89 373.790710
33 90 196.661285
33 91 129.703674
33 92 80.462051
33 93 364.009521
33 94 199.423187
33 95 104.510635
33 96 496.719269
33 97 223.059784
33 98 409.131134
33 99 283.669525
34 35 27.603991
34 36 445.814392
34 37 233.146149
34 38 19.516586
34 39 142.704544
34 40 293.694885
34 41 126.575516
34 42 478.209808
34 43 499.145477
34 44 78.783531
34 45 52.812283
34 46 320.596924
34 47 211.142303
34 48 417.584778
34 49 34.836876
34 50 110.843224
34 51 437.131897
34 52 32.425919
34 53 62.959686
34 54 155.552856
34 55 174.535355
34 56 429.197052
34 57 374.736786
34 58 226.706741
34 59 403.592010
34 60 28.870510
34 61 372.478394
34 62 371.547577
34 63 470.046082
34 64 81.469162
34 65 194.067200
34 66 262.504974
34 67 348.048340
34 68 440.260010
34 69 202.856522
34 70 290.322571
34 71 173.329880
34 72 24.399549
34 73 411.984619
34 74 353.312805
34 75 187.627792
34 76 48.417618
34 77 108.951080
34 78 46.235542
34 79 484.862793
34 80 346.049377
34 81 196.035645
34 82 201.605270
34 83 199.606308
34 84 367.229218
34 85 12.085330
34 86 486.632874
34 87 28.733177
34 88 175.969727
34 89 151.539658
34 90 8.972442
34 91 226.523636
34 92 27.268290
34 93 45.854061
34 94 134.586639
34 95 464.094971
34 96 351.374878
34 97 323.602997
34 98 470.229218
34 99 193.731506
35 36 223.227631
35 37 214.209427
35 38 214.514603
35 39 408.780182
35 40 145.542770
35 41 11.505478
35 42 330.027161
35 43 439.481781
35 44 223.471786
35 45 362.269958
35 46 239.905991
35 47 175.817139
35 48 58.854946
35 49 395.748779
35 50 2.029481
35 51 357.524323
35 52 442.518372
35 53 459.486694
35 54 163.777573
35 55 322.214417
35 56 172.353287
35 57 477.385803
35 58 250.587494
35 59 352.153107
35 60 75.655388
35 61 195.303207
35 62 91.525009
35 63 10.193182
35 64 63.661613
35 65 330.088196
35 66 434.797211
35 67 105.792412
35 68 296.304199
35 69 387.447754
35 70 56.398205
35 71 181.188385
35 72 285.637970
35 73 164.525284
35 74 315.195160
35 75 159.108246
35 76 15.686514
35 77 202.551346
35 78 357.264923
35 79 41.962952
35 80 407.254242
35 81 205.359055
35 82 422.894989
35 83 303.552368
35 84 205.206451
35 85 189.397873
35 86 459.120453
35 87 363.658539
35 88 117.175819
35 89 380.703156
35 90 491.210663
35 91 286.431458
35 92 281.075470
35 93 124.637596
35 94 455.885498
35 95 92.898346
35 96 389.858704
35 97 323.984497
35 98 449.797058
35 99 328.501221
36 37 51.713615
36 38 170.918915
36 39 95.873901
36 40 275.856781
36 41 213.843201
36 42 188.543350
36 43 481.322662
36 44 454.069641
36 45 227.469711
36 46 347.682129
36 47 369.640198
36 48 294.381531
36 49 383.007294
36 50 274.452942
36 51 140.568253
36 52 133.518478
36 53 492.812897
36 54 314.294861
36 55 160.359497
36 56 414.914398
36 57 349.955750
36 58 468.077637
36 59 36.103397
36 60 238.471634
36 61 141.193878
36 62 465.819275
36 63 456.770538
36 64 149.815369
36 65 142.048401
36 66 493.926819
36 67 74.404129
36 68 309.228821
36 69 272.301392
36 70 341.120636
36 71 128.482925
36 72 431.196045
36 73 339.960938
36 74 479.186371
36 75 266.487640
36 76 134.998627
36 77 51.759392
36 78 343.684204
36 79 263.969849
36 80 97.216713
36 81 118.594933
36 82 330.652802
36 83 97.079384
36 84 146.397293
36 85 33.478806
36 86 274.712341
36 87 70.863976
36 88 190.939056
36 89 350.764496
36 90 424.176758
36 91 456.236450
36 92 120.502335
36 93 44.328133
36 94 178.930008
36 95 338.938568
36 96 71.657463
36 97 273.049103
36 98 106.585899
36 99 133.472702
37 38 198.507645
37 39 131.504257
37 40 2.670370
37 41 465.376770
37 42 338.709686
37 43 214.392532
37 44 10.208442
37 45 374.462097
37 46 215.735352
37 47 72.222054
37 48 64.699242
37 49 42.802212
37 50 67.796867
37 51 387.096771
37 52 179.769272
37 53 0.076296
37 54 344.248810
37 55 445.997498
37 56 339.335297
37 57 9.582812
37 58 359.858978
37 59 240.333252
37 60 11.841182
37 61 88.137459
37 62 47.898800
37 63 269.417419
37 64 52.171391
37 65 362.742981
37 66 202.337708
37 67 376.216919
37 68 6.851405
37 69 217.459641
37 70 349.971008
37 71 193.426315
37 72 88.305313
37 73 433.332336
37 74 143.070770
37 75 28.183844
37 76 333.506287
37 77 274.590271
37 78 413.174835
37 79 263.069550
37 80 213.003937
37 81 224.356812
37 82 276.573975
37 83 102.175972
37 84 205.694748
37 85 322.824799
37 86 432.264191
37 87 239.753403
37 88 104.953156
37 89 311.136230
37 90 42.847988
37 91 280.022583
37 92 72.008423
37 93 33.967098
37 94 339.136932
37 95 486.007263
37 96 201.895187
37 97 304.223785
37 98 338.831757
37 99 185.552536
38 39 117.694633
38 40 182.439651
38 41 320.383301
38 42 412.793365
38 43 358.897675
38 44 374.767303
38 45 442.060608
38 46 113.010040
38 47 79.058197
38 48 201.849411
38 49 147.343369
38 50 489.196442
38 51 319.009979
38 52 342.417694
38 53 247.077850
38 54 318.185974
38 55 370.479431
38 56 304.208527
38 57 318.781067
38 58 314.783142
38 59 496.505615
38 60 325.708801
38 61 314.294861
38 62 371.822266
38 63 23.743401
38 64 161.564987
38 65 15.808588
38 66 254.280212
38 67 72.542496
38 68 454.985199
38 69 231.269272
38 70 75.685905
38 71 440.214233
38 72 150.105286
38 73 369.624908
38 74 134.891815
38 75 403.424164
38 76 147.694321
38 77 286.553528
38 78 441.160309
38 79 455.030975
38 80 156.849869
38 81 41.444138
38 82 6.057924
38 83 241.203033
38 84 446.440002
38 85 456.007568
38 86 230.033264
38 87 214.255203
38 88 448.759430
38 89 115.237892
38 90 461.714539
38 91 267.021698
38 92 419.171722
38 93 201.620529
38 94 58.290356
38 95 364.253662
38 96 104.312263
38 97 302.652069
38 98 25.025177
38 99 436.704620
39 40 122.257149
39 41 82.888275
39 42 61.906796
39 43 53.605762
39 44 7.797479
39 45 460.707428
39 46 95.721306
39 47 138.981293
39 48 125.797302
39 49 180.593277
39 50 125.522629
39 51 247.642441
39 52 405.865662
39 53 421.765808
39 54 459.822388
39 55 166.249573
39 56 101.458786
39 57 333.155304
39 58 173.329880
39 59 355.357513
39 60 26.581623
39 61 136.219360
39 62 361.842712
39 63 497.711121
39 64 472.991119
39 65 185.430466
39 66 22.690512
39 67 168.828400
39 68 261.268982
39 69 127.521591
39 70 139.698471
39 71 395.092651
39 72 128.955963
39 73 50.065613
39 74 300.088501
39 75 115.237892
39 76 408.490234
39 77 259.758301
39 78 421.887878
39 79 310.861542
39 80 198.339783
39 81 81.347084
39 82 419.675293
39 83 321.298859
39 84 480.697021
39 85 317.697662
39 86 387.188324
39 87 108.920563
39 88 388.210724
39 89 261.482605
39 90 124.271370
39 91 490.157776
39 92 73.473312
39 93 399.441498
39 94 87.054054
39 95 97.842346
39 96 384.243286
39 97 199.438446
39 98 88.869896
39 99 90.914635
40 41 297.112946
40 42 121.417885
40 43 330.362854
40 44 376.522125
40 45 313.577667
40 46 242.301697
40 47 86.733604
40 48 360.591431
40 49 270.699188
40 50 136.066772
40 51 130.542923
40 52 492.385620
40 53 270.241425
40 54 399.090546
40 55 217.764832
40 56 118.472855
40 57 178.868973
40 58 461.806091
40 59 215.536972
40 60 412.121948
40 61 402.966400
40 62 77.028725
40 63 199.652084
40 64 393.200500
40 65 390.850555
40 66 125.675217
40 67 99.887077
40 68 304.879913
40 69 65.645317
40 70 130.497147
40 71 221.320221
40 72 362.102112
40 73 142.139954
40 74 118.411819
40 75 219.656967
40 76 137.958923
40 77 30.213324
40 78 222.220520
40 79 358.973969
40 80 103.244118
40 81 278.695007
40 82 162.007507
40 83 129.566330
40 84 85.039825
40 85 262.016663
40 86 497.207550
40 87 54.567097
40 88 159.825424
40 89 63.478500
40 90 289.757996
40 91 262.871185
40 92 246.833710
40 93 257.683044
40 94 69.002350
40 95 156.926163
40 96 417.157501
40 97 45.655689
40 98 238.944672
40 99 253.486755
41 42 184.331802
41 43 445.585480
41 44 318.567444
41 45 25.101473
41 46 292.077393
41 47 492.278809
41 48 155.766479
41 49 320.932648
41 50 264.503937
41 51 148.655655
41 52 5.554368
41 53 194.555496
41 54 234.946747
41 55 382.274841
41 56 113.086334
41 57 217.429123
41 58 318.475891
41 59 109.836113
41 60 192.236099
41 61 105.533005
41 62 44.099247
41 63 463.270966
41 64 440.351562
41 65 237.800232
41 66 112.231819
41 67 79.927971
41 68 479.689911
41 69 394.177094
41 70 492.812897
41 71 370.616791
41 72 366.267883
41 73 291.619629
41 74 129.902039
41 75 468.001343
41 76 56.718651
41 77 245.994446
41 78 268.623932
41 79 309.060944
41 80 473.845642
41 81 38.071842
41 82 169.347214
41 83 54.261913
41 84 61.204868
41 85 311.883911
41 86 225.531784
41 87 296.899323
41 88 467.970825
41 89 83.193459
41 90 250.389099
41 91 265.495789
41 92 253.837708
41 93 186.666458
41 94 448.194824
41 95 472.594391
41 96 255.500977
41 97 239.570297
41 98 335.612061
41 99 12.878811
42 43 4.516739
42 44 450.086975
42 45 129.047516
42 46 463.942383
42 47 337.870422
42 48 348.689240
42 49 363.414398
42 50 92.471085
42 51 91.204567
42 52 270.302460
42 53 257.728821
42 54 319.666107
42 55 16.067995
42 56 165.684982
42 57 93.813896
42 58 148.014771
42 59 311.136230
42 60 69.963684
42 61 122.959076
42 62 3.631703
42 63 408.383423
42 64 306.573700
42 65 266.686005
42 66 196.371353
42 67 404.782227
42 68 254.661713
42 69 127.079071
42 70 451.445038
42 71 280.251465
42 72 258.049255
42 73 72.313606
42 74 215.369125
42 75 292.092651
42 76 3.982666
42 77 412.961212
42 78 189.519943
42 79 187.063202
42 80 449.736023
42 81 434.736176
42 82 294.259460
42 83 121.341591
42 84 125.034332
42 85 303.445557
42 86 16.891996
42 87 429.120758
42 88 388.927887
42 89 107.394638
42 90 346.583466
42 91 130.481888
42 92 468.428619
42 93 53.346355
42 94 249.214142
42 95 319.223602
42 96 357.921082
42 97 81.316566
42 98 385.509827
42 99 320.978424
43 44 406.796478
43 45 413.907288
43 46 25.406658
43 47 262.764374
43 48 173.726624
43 49 305.887024
43 50 361.812164
43 51 444.044312
43 52 375.820190
43 53 9.643849
43 54 176.900543
43 55 150.303665
43 56 10.361034
43 57 221.961121
43 58 64.180428
43 59 299.600220
43 60 477.797791
43 61 27.939695
43 62 159.169281
43 63 62.669762
43 64 283.577972
43 65 107.638786
43 66 82.171089
43 67 347.514282
43 68 147.526474
43 69 220.923477
43 70 45.930355
43 71 288.506714
43 72 98.178047
43 73 236.426895
43 74 331.583618
43 75 131.443222
43 76 380.962555
43 77 219.916367
43 78 85.757011
43 79 154.332108
43 80 257.728821
43 81 347.987305
43 82 142.277283
43 83 15.198217
43 84 26.154364
43 85 162.434769
43 86 321.222565
43 87 167.180389
43 88 336.893829
43 89 431.272339
43 90 408.719147
43 91 231.574448
43 92 136.768692
43 93 131.565292
43 94 270.546600
43 95 469.634094
43 96 316.110718
43 97 320.276489
43 98 302.697845
43 99 243.552963
44 45 388.149658
44 46 408.032471
44 47 171.773438
44 48 107.379379
44 49 278.954437
44 50 102.237007
44 51 48.829617
44 52 418.347717
44 53 55.726799
44 54 34.516434
44 55 289.330719
44 56 109.393600
44 57 171.803955
44 58 338.358704
44 59 262.459198
44 60 13.519700
44 61 56.184574
44 62 192.724396
44 63 283.227020
44 64 380.382721
44 65 126.194031
44 66 96.926788
44 67 349.940491
44 68 475.966675
44 69 50.859097
44 70 392.757965
44 71 140.690323
44 72 405.941956
44 73 343.562134
44 74 299.111908
44 75 471.633057
44 76 53.132725
44 77 111.804558
44 78 475.142700
44 79 170.293289
44 80 270.104095
44 81 42.435989
44 82 377.132477
44 83 67.217018
44 84 216.956085
44 85 450.270081
44 86 425.183868
44 87 58.610798
44 88 485.488434
44 89 468.306549
44 90 244.911041
44 91 443.678070
44 92 400.036621
44 93 207.754745
44 94 0.030519
44 95 489.333771
44 96 135.715805
44 97 465.834534
44 98 81.392860
44 99 425.595886
45 46 44.633320
45 47 309.533997
45 48 168.065430
45 49 324.900055
45 50 330.713837
45 51 113.605148
45 52 426.145203
45 53 68.102051
45 54 463.896606
45 55 380.626862
45 56 360.835571
45 57 350.718719
45 58 474.074524
45 59 421.491150
45 60 87.557610
45 61 432.233673
45 62 15.655996
45 63 224.341553
45 64 37.553028
45 65 81.713310
45 66 343.256927
45 67 90.227974
45 68 363.673798
45 69 422.864471
45 70 88.930931
45 71 363.292328
45 72 62.059387
45 73 131.519516
45 74 482.177185
45 75 333.903015
45 76 75.212868
45 77 189.016388
45 78 402.539124
45 79 142.872406
45 80 392.208649
45 81 144.093140
45 82 406.201355
45 83 264.564972
45 84 411.420013
45 85 86.870941
45 86 116.519669
45 87 397.381500
45 88 81.865898
45 89 287.865845
45 90 119.769890
45 91 339.548950
45 92 88.183235
45 93 205.053864
45 94 256.035034
45 95 178.380676
45 96 95.400864
45 97 312.387451
45 98 446.531555
45 99 371.196625
46 47 318.781067
46 48 452.574219
46 49 447.553925
46 50 45.838802
46 51 434.568329
46 52 167.470322
46 53 171.788696
46 54 99.215668
46 55 97.064125
46 56 209.173859
46 57 467.772461
46 58 421.628479
46 59 77.959534
46 60 184.820099
46 61 497.726379
46 62 325.357819
46 63 293.176056
46 64 38.315990
46 65 104.937897
46 66 5.432295
46 67 233.069855
46 68 322.183899
46 69 310.861542
46 70 110.705887
46 71 61.708427
46 72 462.462250
46 73 332.682281
46 74 253.425720
46 75 400.585938
46 76 469.969788
46 77 262.199768
46 78 35.447247
46 79 62.501907
46 80 300.988800
46 81 296.273682
46 82 419.156464
46 83 251.457245
46 84 320.429077
46 85 159.779648
46 86 21.164587
46 87 493.743713
46 88 70.665604
46 89 111.529892
46 90 157.124542
46 91 316.309082
46 92 299.264496
46 93 173.787659
46 94 215.536972
46 95 437.726990
46 96 448.438965
46 97 476.134552
46 98 188.818024
46 99 487.426361
47 48 59.755245
47 49 354.091003
47 50 439.695404
47 51 19.013033
47 52 296.853546
47 53 93.401901
47 54 31.128880
47 55 333.109528
47 56 39.460430
47 57 460.325928
47 58 197.866760
47 59 375.240326
47 60 251.960815
47 61 408.703888
47 62 287.514862
47 63 224.784073
47 64 79.287086
47 65 104.480118
47 66 249.763489
47 67 440.183716
47 68 373.714417
47 69 158.192688
47 70 1.358074
47 71 276.299316
47 72 105.197304
47 73 206.015198
47 74 245.307770
47 75 39.521469
47 76 358.851868
47 77 230.216370
47 78 72.145760
47 79 95.995972
47 80 372.295288
47 81 259.361572
47 82 421.826843
47 83 299.096649
47 84 316.263306
47 85 339.106415
47 86 233.802307
47 87 351.115479
47 88 271.462128
47 89 414.075134
47 90 363.917969
47 91 365.504913
47 92 104.876862
47 93 11.490219
47 94 95.873901
47 95 144.688248
47 96 198.583939
47 97 367.336029
47 98 325.678253
47 99 439.420746
48 49 234.153275
48 50 385.189362
48 51 246.955780
48 52 205.130157
48 53 486.083557
48 54 69.109161
48 55 115.436264
48 56 121.158478
48 57 326.822723
48 58 320.444336
48 59 420.697662
48 60 388.073364
48 61 397.122101
48 62 239.677109
48 63 43.061619
48 64 69.032867
48 65 144.337296
48 66 323.801392
48 67 224.356812
48 68 490.859711
48 69 182.210754
48 70 199.728378
48 71 429.746399
48 72 469.969788
48 73 174.855804
48 74 284.493530
48 75 429.822693
48 76 379.497681
48 77 198.431335
48 78 12.894071
48 79 180.166016
48 80 322.641663
48 81 283.471161
48 82 23.117771
48 83 327.097382
48 84 428.128906
48 85 90.914635
48 86 440.946686
48 87 417.386383
48 88 33.356731
48 89 425.214386
48 90 153.172409
48 91 140.324097
48 92 270.943329
48 93 37.171547
48 94 211.188095
48 95 180.028687
48 96 324.121826
48 97 420.407715
48 98 254.661713
48 99 6.302072
49 50 366.695129
49 51 53.575245
49 52 96.713158
49 53 182.073425
49 54 453.352448
49 55 292.550446
49 56 360.591431
49 57 15.518662
49 58 375.576050
49 59 364.604614
49 60 308.908356
49 61 135.135971
49 62 249.153107
49 63 168.736847
49 64 255.729858
49 65 315.652924
49 66 348.704498
49 67 334.437073
49 68 202.475052
49 69 133.198044
49 70 454.939423
49 71 242.515335
49 72 87.908569
49 73 277.565826
49 74 230.124817
49 75 461.073639
49 76 293.130280
49 77 99.887077
49 78 387.676636
49 79 299.310272
49 80 291.955322
49 81 223.837997
49 82 171.163071
49 83 433.042389
49 84 87.572868
49 85 298.287903
49 86 408.597046
49 87 304.269562
49 88 325.891907
49 89 219.824814
49 90 157.475510
49 91 248.512222
49 92 226.142151
49 93 403.118988
49 94 206.366165
49 95 52.674950
49 96 219.809555
49 97 427.121796
49 98 448.469482
49 99 396.877930
50 51 437.849060
50 52 135.547958
50 53 392.849518
50 54 382.900482
50 55 437.299744
50 56 19.531845
50 57 329.187897
50 58 102.969452
50 59 307.916504
50 60 460.524323
50 61 411.206390
50 62 451.643402
50 63 49.089024
50 64 161.748093
50 65 174.871063
50 66 133.701599
50 67 357.997375
50 68 346.369843
50 69 256.706451
50 70 71.962646
50 71 219.534897
50 72 50.172428
50 73 327.875610
50 74 167.134613
50 75 438.612000
50 76 87.237160
50 77 9.857478
50 78 113.666191
50 79 5.371258
50 80 16.556292
50 81 287.072357
50 82 224.188965
50 83 434.263153
50 84 187.765137
50 85 182.180237
50 86 466.078674
50 87 467.055267
50 88 194.006165
50 89 209.845276
50 90 162.755203
50 91 281.060211
50 92 310.342743
50 93 374.324768
50 94 63.509018
50 95 92.577896
50 96 245.429855
50 97 226.584671
50 98 234.321121
50 99 296.746735
51 52 284.936066
51 53 246.818436
51 54 473.220032
51 55 33.860287
51 56 154.622040
51 57 67.537468
51 58 203.161713
51 59 323.328339
51 60 181.295197
51 61 303.292969
51 62 45.625172
51 63 155.476547
51 64 79.744865
51 65 2.349925
51 66 27.924437
51 67 182.073425
51 68 443.754364
51 69 486.159851
51 70 127.414780
51 71 396.069214
51 72 269.356384
51 73 91.982788
51 74 105.822929
51 75 441.175568
51 76 88.473160
51 77 84.765160
51 78 336.725983
51 79 442.106384
51 80 40.940578
51 81 253.181549
51 82 79.226051
51 83 495.773193
51 84 463.240448
51 85 456.221191
51 86 401.181061
51 87 214.300980
51 88 321.878723
51 89 135.380112
51 90 204.824966
51 91 460.539581
51 92 69.673752
51 93 58.458206
51 94 58.198799
51 95 166.341141
51 96 252.998444
51 97 310.251190
51 98 285.256500
51 99 374.797821
52 53 448.088013
52 54 296.075317
52 55 17.944883
52 56 396.313354
52 57 354.609802
52 58 273.552643
52 59 163.289276
52 60 220.038452
52 61 124.622330
52 62 178.395935
52 63 488.692871
52 64 70.421455
52 65 254.936371
52 66 259.651489
52 67 278.420349
52 68 250.083923
52 69 121.127960
52 70 290.292053
52 71 264.687042
52 72 159.398163
52 73 481.261627
52 74 368.465210
52 75 286.019470
52 76 133.533737
52 77 27.405621
52 78 75.304420
52 79 376.567902
52 80 487.334808
52 81 313.318268
52 82 4.837184
52 83 238.975189
52 84 409.009064
52 85 135.929428
52 86 431.424927
52 87 304.284821
52 88 92.928864
52 89 199.362152
52 90 130.665009
52 91 331.858276
52 92 252.540680
52 93 139.103363
52 94 119.205299
52 95 252.433838
52 96 403.439423
52 97 234.717865
52 98 329.157379
52 99 207.525864
53 54 57.863094
53 55 389.141510
53 56 482.573914
53 57 488.174072
53 58 220.862442
53 59 202.719193
53 60 181.905579
53 61 326.273376
53 62 328.791168
53 63 220.160522
53 64 481.887238
53 65 241.599777
53 66 20.889919
53 67 178.289124
53 68 458.311707
53 69 397.518829
53 70 384.441681
53 71 333.094269
53 72 39.780876
53 73 168.675797
53 74 64.180428
53 75 193.914612
53 76 117.526779
53 77 373.836487
53 78 376.705231
53 79 242.912064
53 80 199.316376
53 81 376.613678
53 82 320.184937
53 83 468.199707
53 84 122.913292
53 85 7.736442
53 86 120.410774
53 87 288.338867
53 88 94.668419
53 89 11.688589
53 90 203.482162
53 91 196.813873
53 92 69.017609
53 93 470.732758
53 94 235.877563
53 95 204.168823
53 96 234.336380
53 97 409.756775
53 98 122.608109
53 99 406.140320
54 55 120.975372
54 56 34.897915
54 57 103.946045
54 58 256.019775
54 59 96.850494
54 60 309.015167
54 61 341.410583
54 62 369.121368
54 63 266.502899
54 64 317.194122
54 65 133.640564
54 66 437.620178
54 67 38.956879
54 68 125.507370
54 69 152.806183
54 70 83.895386
54 71 380.336914
54 72 85.970642
54 73 342.158264
54 74 230.491043
54 75 16.403700
54 76 290.948212
54 77 365.199738
54 78 314.767883
54 79 101.214638
54 80 130.130936
54 81 247.489853
54 82 426.358856
54 83 117.007965
54 84 153.111374
54 85 101.214638
54 86 195.730469
54 87 21.256142
54 88 190.816986
54 89 73.534348
54 90 11.749626
54 91 406.460754
54 92 438.779846
54 93 409.131134
54 94 396.511719
54 95 188.039795
54 96 455.519257
54 97 267.632080
54 98 115.421005
54 99 86.504715
55 56 279.030731
55 57 186.605423
55 58 350.993378
55 59 418.912323
55 60 114.658043
55 61 330.622284
55 62 17.975403
55 63 465.651428
55 64 297.250275
55 65 417.081207
55 66 48.371838
55 67 428.022095
55 68 480.910645
55 69 459.456146
55 70 224.250000
55 71 242.301697
55 72 259.422607
55 73 218.543060
55 74 386.547455
55 75 265.770447
55 76 170.567947
55 77 2.288888
55 78 97.979675
55 79 100.573746
55 80 287.102875
55 81 204.962311
55 82 88.198494
55 83 70.772423
55 84 347.987305
55 85 226.065857
55 86 59.175392
55 87 118.442337
55 88 132.709747
55 89 159.962769
55 90 179.280975
55 91 134.266190
55 92 31.952881
55 93 396.481201
55 94 343.775757
55 95 488.418213
55 96 17.532883
55 97 23.285624
55 98 30.075991
55 99 277.108063
56 57 465.041046
56 58 170.720551
56 59 325.983459
56 60 50.767540
56 61 32.013916
56 62 189.565720
56 63 458.677948
56 64 39.170506
56 65 45.075836
56 66 302.468964
56 67 403.012177
56 68 139.271210
56 69 98.727379
56 70 119.632561
56 71 396.954224
56 72 181.402023
56 73 319.437225
56 74 159.428696
56 75 442.350525
56 76 239.371933
56 77 497.726379
56 78 264.412384
56 79 119.174782
56 80 0.152593
56 81 41.566212
56 82 53.529469
56 83 291.512817
56 84 458.861053
56 85 454.374817
56 86 301.156647
56 87 32.975250
56 88 454.252747
56 89 290.185242
56 90 383.373535
56 91 350.352509
56 92 311.090454
56 93 289.864807
56 94 182.363342
56 95 32.837917
56 96 104.281746
56 97 150.883514
56 98 89.388710
56 99 205.755783
57 58 310.785248
57 59 134.052567
57 60 497.054962
57 61 416.165649
57 62 364.787750
57 63 460.341187
57 64 421.399597
57 65 329.004791
57 66 382.045959
57 67 200.811783
57 68 144.596695
57 69 361.720612
57 70 68.483536
57 71 112.857445
57 72 18.692587
57 73 335.428925
57 74 79.226051
57 75 125.919373
57 76 321.115753
57 77 470.763275
57 78 343.363770
57 79 429.609070
57 80 302.591034
57 81 306.726288
57 82 120.075073
57 83 367.564911
57 84 318.155457
57 85 370.418396
57 86 302.072205
57 87 90.166931
57 88 181.554611
57 89 175.786621
57 90 231.406601
57 91 169.072540
57 92 134.174637
57 93 379.833374
57 94 43.885620
57 95 126.758636
57 96 68.712418
57 97 173.863953
57 98 307.321411
57 99 84.398941
58 59 398.327576
58 60 238.578461
58 61 469.237335
58 62 480.834351
58 63 212.012085
58 64 340.372955
58 65 379.970703
58 66 66.042061
58 67 106.692711
58 68 397.732452
58 69 406.491272
58 70 122.196114
58 71 336.725983
58 72 95.156715
58 73 402.645935
58 74 115.314186
58 75 171.269882
58 76 373.363434
58 77 51.561020
58 78 230.719940
58 79 100.558487
58 80 373.302399
58 81 345.606873
58 82 495.391693
58 83 281.167023
58 84 162.587357
58 85 219.824814
58 86 440.412598
58 87 361.278107
58 88 322.275452
58 89 104.190193
58 90 6.530961
58 91 76.464127
58 92 222.022156
58 93 410.534973
58 94 146.076843
58 95 256.660675
58 96 61.861019
58 97 219.550156
58 98 324.137085
58 99 134.632416
59 60 8.835109
59 61 183.767197
59 62 372.493652
59 63 97.201454
59 64 6.286813
59 65 411.862549
59 66 398.998993
59 67 269.203796
59 68 84.292122
59 69 349.971008
59 70 205.969421
59 71 71.153900
59 72 249.061554
59 73 425.992615
59 74 420.285645
59 75 141.239655
59 76 279.702118
59 77 471.816162
59 78 288.613556
59 79 262.077698
59 80 10.193182
59 81 189.764099
59 82 340.876495
59 83 183.080536
59 84 424.985504
59 85 178.640091
59 86 374.843597
59 87 478.911713
59 88 146.015808
59 89 284.646118
59 90 465.300446
59 91 334.696503
59 92 139.667953
59 93 293.527039
59 94 450.605774
59 95 398.617493
59 96 221.396515
59 97 228.873566
59 98 100.054932
59 99 92.516861
60 61 186.422318
60 62 272.621826
60 63 414.975433
60 64 21.179846
60 65 144.520401
60 66 73.229164
60 67 266.609711
60 68 370.784637
60 69 387.050995
60 70 457.182526
60 71 324.335449
60 72 437.269226
60 73 364.207886
60 74 309.305115
60 75 476.683868
60 76 175.283066
60 77 100.985748
60 78 137.928391
60 79 198.980682
60 80 408.215576
60 81 129.566330
60 82 90.014343
60 83 70.177307
60 84 89.831230
60 85 266.411346
60 86 432.142120
60 87 392.300201
60 88 258.659637
60 89 312.372192
60 90 262.993256
60 91 115.588852
60 92 74.938202
60 93 3.601184
60 94 472.960602
60 95 22.370068
60 96 81.621750
60 97 291.756958
60 98 216.208389
60 99 372.890411
61 62 79.271828
61 63 281.136505
61 64 411.420013
61 65 466.124451
61 66 256.111328
61 67 401.532013
61 68 36.133915
61 69 318.872650
61 70 463.393066
61 71 144.230469
61 72 230.933563
61 73 415.982544
61 74 277.077545
61 75 439.893768
61 76 478.560760
61 77 235.114609
61 78 236.106461
61 79 5.874813
61 80 374.156921
61 81 499.008148
61 82 398.144470
61 83 241.737106
61 84 251.670898
61 85 358.333069
61 86 103.320412
61 87 0.335704
61 88 182.515945
61 89 458.494812
61 90 86.596275
61 91 313.409821
61 92 111.835075
61 93 93.218788
61 94 329.371002
61 95 399.105804
61 96 148.121582
61 97 398.220764
61 98 290.993988
61 99 29.969175
62 63 271.782562
62 64 287.972656
62 65 410.794403
62 66 89.465004
62 67 478.255585
62 68 88.946190
62 69 21.195105
62 70 394.970551
62 71 121.295815
62 72 72.038940
62 73 62.685020
62 74 115.527817
62 75 472.243439
62 76 337.687317
62 77 241.050446
62 78 362.651428
62 79 260.429718
62 80 256.599640
62 81 17.609180
62 82 281.701080
62 83 211.020233
62 84 419.263275
62 85 73.320717
62 86 222.815628
62 87 345.225403
62 88 297.387634
62 89 136.783951
62 90 318.704773
62 91 59.022800
62 92 70.421455
62 93 317.423004
62 94 48.036137
62 95 245.841843
62 96 320.154419
62 97 333.994568
62 98 112.140259
62 99 478.652313
63 64 46.632282
63 65 279.366425
63 66 203.421127
63 67 17.365032
63 68 208.532974
63 69 311.914429
63 70 493.438507
63 71 157.170319
63 72 241.035187
63 73 414.426086
63 74 418.881805
63 75 182.973724
63 76 254.371765
63 77 110.919518
63 78 93.432419
63 79 446.287415
63 80 366.191589
63 81 282.158875
63 82 423.886841
63 83 329.554108
63 84 370.738861
63 85 470.427582
63 86 258.339203
63 87 113.971375
63 88 198.217712
63 89 314.050720
63 90 144.779816
63 91 16.052736
63 92 367.198700
63 93 2.670370
63 94 28.260139
63 95 409.009064
63 96 383.388794
63 97 393.505676
63 98 464.506989
63 99 494.064148
64 65 287.759033
64 66 179.189423
64 67 178.289124
64 68 437.864319
64 69 307.290894
64 70 248.481705
64 71 44.816429
64 72 241.080963
64 73 311.273560
64 74 129.429001
64 75 321.878723
64 76 354.243591
64 77 26.490067
64 78 156.590469
64 79 211.188095
64 80 306.192230
64 81 214.285721
64 82 252.235474
64 83 76.982941
64 84 360.927155
64 85 262.657562
64 86 462.630096
64 87 399.945068
64 88 468.291290
64 89 396.496460
64 90 139.622177
64 91 294.534149
64 92 24.307993
64 93 459.181488
64 94 408.627563
64 95 168.065430
64 96 206.747635
64 97 468.535431
64 98 313.104645
64 99 349.406433
65 66 401.364166
65 67 400.341797
65 68 276.543457
65 69 265.511047
65 70 484.694946
65 71 402.493347
65 72 272.515015
65 73 494.033630
65 74 478.957489
65 75 392.941071
65 76 343.226410
65 77 269.905701
65 78 344.569244
65 79 244.666885
65 80 357.386993
65 81 274.300354
65 82 425.992615
65 83 10.452590
65 84 148.030029
65 85 283.837402
65 86 316.522705
65 87 391.094696
65 88 420.712921
65 89 8.194221
65 90 157.734909
65 91 399.639862
65 92 72.923981
65 93 194.616547
65 94 138.966034
65 95 425.321228
65 96 315.301971
65 97 326.746429
65 98 212.805573
65 99 149.708557
66 67 235.053558
66 68 496.597198
66 69 291.833252
66 70 18.860439
66 71 192.617569
66 72 277.474274
66 73 442.640442
66 74 223.975342
66 75 191.778320
66 76 175.832397
66 77 342.280334
66 78 394.116058
66 79 114.108704
66 80 490.554504
66 81 13.382367
66 82 453.947571
66 83 458.296448
66 84 157.414459
66 85 102.893150
66 86 349.635315
66 87 474.990082
66 88 407.223724
66 89 220.496231
66 90 95.995972
66 91 337.717834
66 92 315.286713
66 93 102.359077
66 94 348.155182
66 95 240.623184
66 96 70.848717
66 97 115.497299
66 98 450.559998
66 99 63.600578
67 68 44.343391
67 69 368.724640
67 70 166.890472
67 71 495.361176
67 72 480.437622
67 73 445.585480
67 74 43.626209
67 75 255.134735
67 76 395.397827
67 77 25.025177
67 78 110.492264
67 79 303.765991
67 80 6.576739
67 81 405.484161
67 82 371.074554
67 83 184.545425
67 84 272.301392
67 85 197.607361
67 86 286.400940
67 87 384.594269
67 88 370.113220
67 89 201.986755
67 90 205.114899
67 91 357.386993
67 92 191.778320
67 93 236.686310
67 94 442.731995
67 95 97.003082
67 96 182.958466
67 97 430.860321
67 98 463.621948
67 99 404.889069
68 69 105.655083
68 70 249.626144
68 71 368.648315
68 72 239.417709
68 73 51.774651
68 74 266.243500
68 75 141.575363
68 76 289.239166
68 77 285.668518
68 78 446.668884
68 79 357.356476
68 80 160.863052
68 81 243.949707
68 82 462.736908
68 83 305.414001
68 84 321.069977
68 85 270.683929
68 86 299.066132
68 87 231.330307
68 88 184.820099
68 89 416.043579
68 90 169.713440
68 91 149.479660
68 92 489.486359
68 93 376.491608
68 94 9.842219
68 95 430.372040
68 96 345.484802
68 97 404.858551
68 98 58.381908
68 99 115.298927
69 70 104.724266
69 71 268.074615
69 72 296.990875
69 73 161.870178
69 74 436.658844
69 75 80.980865
69 76 261.192657
69 77 73.122353
69 78 253.242584
69 79 94.317451
69 80 489.135406
69 81 113.757744
69 82 373.042999
69 83 264.763336
69 84 123.722038
69 85 66.179390
69 86 65.202797
69 87 185.399948
69 88 433.744324
69 89 229.926453
69 90 364.070557
69 91 204.794449
69 92 269.310608
69 93 117.191078
69 94 294.671478
69 95 312.417969
69 96 217.871643
69 97 47.990356
69 98 400.265503
69 99 119.006927
70 71 475.798828
70 72 97.613457
70 73 212.057861
70 74 9.704886
70 75 201.361115
70 76 99.871819
70 77 52.034058
70 78 298.150574
70 79 365.108185
70 80 159.199799
70 81 309.335632
70 82 459.669800
70 83 362.498840
70 84 374.523163
70 85 80.996124
70 86 271.767303
70 87 405.224762
70 88 228.217407
70 89 317.514557
70 90 439.924286
70 91 456.236450
70 92 343.348511
70 93 363.856934
70 94 36.790062
70 95 224.509415
70 96 61.998352
70 97 36.759544
70 98 333.155304
70 99 484.908600
71 72 48.203987
71 73 128.635513
71 74 348.490875
71 75 238.822601
71 76 368.221069
71 77 478.988007
71 78 199.377411
71 79 481.429474
71 80 251.655640
71 81 3.631703
71 82 73.992126
71 83 90.823082
71 84 486.342957
71 85 322.901093
71 86 410.626526
71 87 104.983673
71 88 149.952698
71 89 378.658417
71 90 108.371231
71 91 402.035583
71 92 131.946777
71 93 181.600388
71 94 348.323029
71 95 49.287395
71 96 148.380997
71 97 78.844566
71 98 353.083923
71 99 337.214264
72 73 203.268524
72 74 182.653275
72 75 162.968842
72 76 263.206909
72 77 199.148529
72 78 351.069672
72 79 256.981110
72 80 481.414215
72 81 150.349442
72 82 360.682983
72 83 96.438492
72 84 483.977783
72 85 201.803635
72 86 162.709427
72 87 419.888916
72 88 29.267252
72 89 406.720154
72 90 362.407288
72 91 366.771454
72 92 82.934052
72 93 466.124451
72 94 312.982544
72 95 258.583344
72 96 287.148651
72 97 383.480347
72 98 464.247559
72 99 115.314186
73 74 223.792221
73 75 237.449265
73 76 356.807129
73 77 235.312973
73 78 487.441620
73 79 25.955992
73 80 402.432312
73 81 416.730255
73 82 333.170563
73 83 284.661377
73 84 341.090118
73 85 148.792999
73 86 415.585815
73 87 432.935577
73 88 15.488144
73 89 350.962860
73 90 383.922852
73 91 50.538651
73 92 353.556946
73 93 487.792572
73 94 349.528503
73 95 38.132877
73 96 199.453705
73 97 138.248840
73 98 490.813934
73 99 364.604614
74 75 384.121216
74 76 347.025970
74 77 311.655029
74 78 354.487732
74 79 175.328842
74 80 336.268188
74 81 318.720032
74 82 218.558319
74 83 498.657196
74 84 405.789368
74 85 133.274338
74 86 280.709229
74 87 69.200714
74 88 99.902336
74 89 303.323486
74 90 104.174934
74 91 325.388336
74 92 468.916901
74 93 331.492035
74 94 470.473358
74 95 304.864655
74 96 3.555406
74 97 184.331802
74 98 413.693665
74 99 353.663757
75 76 70.314644
75 77 298.776215
75 78 264.000366
75 79 308.801544
75 80 425.901062
75 81 351.176514
75 82 402.661194
75 83 45.289467
75 84 138.950775
75 85 304.803619
75 86 182.317566
75 87 27.863400
75 88 497.100739
75 89 1.174963
75 90 215.384384
75 91 258.415497
75 92 227.408676
75 93 310.998871
75 94 483.733612
75 95 259.315796
75 96 108.615379
75 97 110.309151
75 98 472.777496
75 99 483.794647
76 77 302.880951
76 78 97.445602
76 79 283.089691
76 80 293.359161
76 81 485.534210
76 82 216.391495
76 83 422.757660
76 84 393.612488
76 85 100.680557
76 86 202.322449
76 87 233.390305
76 88 368.282104
76 89 321.131012
76 90 14.725182
76 91 153.187668
76 92 202.887054
76 93 40.253914
76 94 173.909729
76 95 269.920959
76 96 438.016907
76 97 474.410248
76 98 266.411346
76 99 367.198700
77 78 343.241669
77 79 203.741562
77 80 134.998627
77 81 416.898102
77 82 252.159180
77 83 229.636520
77 84 18.906218
77 85 221.091339
77 86 449.201935
77 87 376.918854
77 88 159.840683
77 89 156.559952
77 90 248.695328
77 91 118.732262
77 92 139.393280
77 93 224.799332
77 94 157.109283
77 95 152.745148
77 96 463.652466
77 97 360.957672
77 98 258.888519
77 99 306.024353
78 79 160.344238
78 80 204.657120
78 81 216.391495
78 82 97.445602
78 83 404.492310
78 84 285.882141
78 85 24.979399
78 86 35.416729
78 87 437.788025
78 88 328.913239
78 89 413.403717
78 90 478.926971
78 91 297.769104
78 92 127.674179
78 93 30.289619
78 94 140.308838
78 95 122.013000
78 96 195.501572
78 97 307.702881
78 98 57.802059
78 99 43.214211
79 80 142.307800
79 81 141.682175
79 82 115.741447
79 83 440.778809
79 84 482.573914
79 85 281.029694
79 86 441.007721
79 87 64.271980
79 88 327.005829
79 89 64.699242
79 90 253.227325
79 91 294.946136
79 92 161.214020
79 93 398.449646
79 94 497.665344
79 95 60.090942
79 96 164.387955
79 97 111.209450
79 98 337.961975
79 99 166.783661
80 81 271.050140
80 82 82.293159
80 83 337.748352
80 84 69.948425
80 85 429.212341
80 86 279.381683
80 87 408.642822
80 88 340.632355
80 89 257.911926
80 90 98.483231
80 91 353.022858
80 92 350.245697
80 93 57.298500
80 94 146.275223
80 95 79.683823
80 96 436.063751
80 97 374.385803
80 98 355.311737
80 99 320.520630
81 82 63.921021
81 83 77.440720
81 84 72.985016
81 85 426.084167
81 86 253.624084
81 87 142.612991
81 88 14.770959
81 89 68.636124
81 90 282.464050
81 91 105.288857
81 92 222.205261
81 93 430.509369
81 94 433.042389
81 95 379.787598
81 96 416.486084
81 97 205.648972
81 98 300.286865
81 99 400.204468
82 83 388.210724
82 84 493.240143
82 85 423.932617
82 86 285.882141
82 87 313.852325
82 88 410.626526
82 89 261.696228
82 90 484.237183
82 91 139.545883
82 92 4.348887
82 93 268.944366
82 94 94.210640
82 95 423.047577
82 96 287.057098
82 97 100.405891
82 98 323.831909
82 99 274.101990
83 84 478.484467
83 85 199.575790
83 86 284.234131
83 87 284.279907
83 88 278.801819
83 89 291.467010
83 90 74.037903
83 91 86.565758
83 92 252.113403
83 93 44.267097
83 94 356.883423
83 95 435.590698
83 96 148.655655
83 97 415.646851
83 98 385.036774
83 99 448.698364
84 85 243.339325
84 86 449.156158
84 87 172.627960
84 88 399.227875
84 89 19.302958
84 90 36.469620
84 91 271.324799
84 92 201.712082
84 93 274.117249
84 94 411.236908
84 95 351.695312
84 96 480.468140
84 97 476.943268
84 98 389.675598
84 99 43.351543
85 86 361.491730
85 87 455.015717
85 88 124.164558
85 89 237.052521
85 90 378.917816
85 91 237.113571
85 92 385.052032
85 93 301.705994
85 94 136.097290
85 95 132.526627
85 96 136.341431
85 97 419.782104
85 98 112.384407
85 99 373.424469
86 87 421.063873
86 88 493.697937
86 89 255.897705
86 90 398.846375
86 91 321.710846
86 92 326.929535
86 93 253.166290
86 94 108.417007
86 95 11.642812
86 96 32.471695
86 97 116.077148
86 98 164.006470
86 99 162.846771
87 88 372.005371
87 89 476.897491
87 90 167.165131
87 91 225.760666
87 92 478.804901
87 93 231.788086
87 94 290.841400
87 95 346.827606
87 96 167.699203
87 97 423.841064
87 98 193.243210
87 99 439.344452
88 89 284.997101
88 90 5.661183
88 91 292.077393
88 92 173.268845
88 93 301.461853
88 94 372.814117
88 95 227.256073
88 96 399.639862
88 97 101.763969
88 98 307.977539
88 99 90.197449
89 90 275.109100
89 91 173.253586
89 92 227.378159
89 93 247.871338
89 94 102.343819
89 95 147.221298
89 96 369.106110
89 97 339.686279
89 98 151.844849
89 99 395.992920
90 91 314.798401
90 92 275.322723
90 93 480.910645
90 94 138.569290
90 95 484.725464
90 96 311.777100
90 97 15.137180
90 98 258.446014
90 99 497.299103
91 92 37.415695
91 93 408.536011
91 94 286.233093
91 95 33.295696
91 96 341.715759
91 97 447.141937
91 98 250.618011
91 99 95.843384
92 93 198.065125
92 94 12.649922
92 95 350.520355
92 96 306.238007
92 97 338.557098
92 98 371.028778
92 99 151.631226
93 94 126.651810
93 95 148.258926
93 96 301.873840
93 97 260.704376
93 98 150.364700
93 99 357.417511
94 95 334.406555
94 96 180.135498
94 97 349.787903
94 98 359.660614
94 99 105.380417
95 96 296.746735
95 97 423.154388
95 98 234.229568
95 99 104.831078
96 97 207.159637
96 98 130.619232
96 99 300.561554
97 98 324.991608
97 99 333.384186
98 99 260.124512