Graph edges and cost:
0 1 378.368469
0 2 488.891266
0 3 239.204086
0 4 331.247894
0 5 10.284738
0 6 405.301056
0 7 281.044952
0 8 149.891663
0 9 269.631042
1 2 337.809387
1 3 282.555603
1 4 456.358521
1 5 293.389679
1 6 309.335632
1 7 123.416855
1 8 15.991699
1 9 321.680328
2 3 240.333252
2 4 369.716492
2 5 398.586975
2 6 91.921753
2 7 328.974274
2 8 445.707550
2 9 24.765770
3 4 11.230811
3 5 96.346939
3 6 310.785248
3 7 198.294006
3 8 372.783600
3 9 299.920654
4 5 31.754509
4 6 451.445038
4 7 131.733154
4 8 168.126465
4 9 391.308350
5 6 282.128357
5 7 6.439405
5 8 159.504990
5 9 423.169647
6 7 110.827965
6 8 420.316162
6 9 199.392670
7 8 14.770959
7 9 35.233620
8 9 50.248726